dribble2_0
[,0.91,1.53,0.87,0.63,2.80,0.77,0.94,4.29,0.84,0.91,1.53,0.87,0.63,2.80,0.77,-1,-1,-1,0.96,1.64,0.88,0.66,2.82,0.77,0.96,4.24,0.89,0.94,1.69,0.87,0.66,2.82,0.77,0.96,4.18,0.95,0.94,1.69,0.87,-1,-1,-1,0.97,4.10,1.04,0.93,1.70,0.84,0.56,2.83,0.73,0.97,4.10,1.04,0.93,1.70,0.84,0.59,2.83,0.69,0.93,3.96,1.11,0.90,1.72,0.85,-1,-1,-1,0.93,3.96,1.11,0.89,1.70,0.80,0.69,2.81,0.72,-1,-1,-1,0.86,1.72,0.82,0.71,2.74,0.86,0.87,3.67,1.12,0.86,1.72,0.82,0.73,2.67,1.02,0.83,3.45,1.08,-1,-1,-1,0.73,2.67,1.02,0.81,3.28,1.06,-1,-1,-1,0.70,2.71,0.95,0.76,3.15,1.04,0.87,1.40,0.84,0.70,2.71,0.95,0.75,3.06,1.03,0.87,1.04,0.85,0.73,2.71,0.95,0.76,3.01,1.06,0.87,1.06,0.81,0.75,2.75,0.81,0.76,3.01,1.06,0.87,1.08,0.81,0.66,2.75,0.97,0.69,2.90,0.89,0.88,1.10,0.82,0.66,2.75,0.97,0.73,2.89,0.92,0.88,1.10,0.82,-1,-1,-1,0.70,2.91,0.80,0.88,1.11,0.81,0.67,2.91,1.04,0.69,2.94,0.68,0.88,1.11,0.81,0.68,3.06,1.00,0.70,2.89,0.77,-1,-1,-1,0.67,3.24,1.02,0.68,2.89,0.75,0.89,1.10,0.80,0.82,3.46,0.92,0.70,2.93,0.75,0.89,1.10,0.80,0.82,3.46,0.92,0.68,2.97,0.82,-1,-1,-1,-1,-1,-1,0.69,3.03,0.88,-1,-1,-1,0.76,3.61,1.03,0.70,3.12,0.93,0.92,1.07,0.76,0.76,3.61,1.03,0.68,3.23,0.80,0.96,1.07,0.77,-1,-1,-1,0.65,3.38,0.68,0.96,1.07,0.77,-1,-1,-1,0.62,3.57,0.80,-1,-1,-1,-1,-1,-1,0.56,3.72,0.85,-1,-1,-1,0.65,3.96,1.09,0.56,3.82,0.75,1.00,1.01,0.74,0.59,4.25,1.00,0.56,3.87,0.79,1.00,1.01,0.74,0.59,4.25,1.00,0.55,4.00,0.82,0.99,1.02,0.65,-1,-1,-1,0.50,4.17,0.88,0.99,1.02,0.65,-1,-1,-1,0.43,4.33,0.85,-1,-1,-1,-1,-1,-1,0.43,4.33,0.85,-1,-1,-1,-1,-1,-1,0.50,4.62,0.88,-1,-1,-1,0.66,4.69,1.00,0.58,4.88,0.95,-1,-1,-1,0.66,4.69,1.00,0.50,4.98,0.94,-1,-1,-1,-1,-1,-1,0.50,4.98,0.94,1.06,1.05,0.71,-1,-1,-1,0.34,5.24,1.00,1.06,1.05,0.71,0.69,5.07,0.97,0.34,5.24,1.00,-1,-1,-1,0.79,5.68,1.07,-1,-1,-1,1.02,1.10,0.65,0.79,5.68,1.07,-1,-1,-1,1.02,1.13,0.58,-1,-1,-1,-1,-1,-1,1.07,1.16,0.49,-1,-1,-1,-1,-1,-1,1.03,1.22,0.59,0.84,6.07,0.83,-1,-1,-1,1.03,1.22,0.59,0.88,6.31,0.82,-1,-1,-1,-1,-1,-1,0.91,6.54,0.78,-1,-1,-1,1.08,0.78,0.62,0.91,6.54,0.78,-1,-1,-1]

dribble2_1
[,-1,-1,-1,0.88,7.41,0.87,0.63,6.54,0.76,-1,-1,-1,0.88,7.41,0.87,-1,-1,-1,1.16,1.00,0.66,0.83,7.37,0.80,0.59,6.87,0.86,1.16,1.00,0.66,0.73,7.29,0.63,0.59,6.87,0.86,-1,-1,-1,0.73,7.29,0.63,-1,-1,-1,-1,-1,-1,0.76,7.25,0.69,-1,-1,-1,1.17,1.05,0.66,0.76,7.32,0.89,-1,-1,-1,1.17,1.05,0.66,0.78,7.12,0.86,-1,-1,-1,-1,-1,-1,0.75,6.99,0.68,0.63,6.90,0.86,1.16,1.10,0.69,0.75,6.99,0.68,0.63,6.90,0.86,1.17,1.14,0.71,-1,-1,-1,-1,-1,-1,1.19,1.17,0.75,0.59,7.06,0.91,-1,-1,-1,1.20,1.16,0.69,0.59,7.06,0.91,0.65,7.01,0.96,1.20,1.01,0.70,0.64,6.94,0.95,0.67,6.83,0.87,1.20,1.01,0.70,0.61,6.83,0.97,0.67,6.83,0.87,1.21,0.92,0.71,0.58,6.65,0.79,-1,-1,-1,1.21,0.85,0.70,0.56,6.44,0.85,-1,-1,-1,1.21,0.81,0.67,0.59,6.28,0.89,0.72,6.84,0.98,1.21,0.93,0.71,-1,-1,-1,0.72,6.84,0.98,1.21,0.93,0.71,-1,-1,-1,0.73,6.57,0.99,-1,-1,-1,-1,-1,-1,0.76,6.32,0.92,1.20,0.99,0.71,-1,-1,-1,0.62,6.08,0.74,1.21,1.05,0.72,-1,-1,-1,0.69,5.88,0.80,1.21,1.10,0.75,-1,-1,-1,0.75,5.75,0.79,1.21,1.14,0.76,-1,-1,-1,0.80,5.74,0.94,1.21,1.15,0.74,-1,-1,-1,0.82,5.60,0.92,1.21,1.15,0.74,-1,-1,-1,0.84,5.45,0.84,1.21,1.17,0.75,-1,-1,-1,0.80,5.26,0.79,1.21,1.17,0.75,-1,-1,-1,1.01,5.07,0.84,1.21,1.04,0.76,-1,-1,-1,1.17,4.74,0.94,1.20,0.92,0.76,-1,-1,-1,1.15,4.49,1.02,1.21,0.66,0.81,-1,-1,-1,1.26,4.37,0.89,1.20,0.60,0.81,-1,-1,-1,1.19,4.22,0.93,1.20,0.72,0.74,-1,-1,-1,1.10,4.11,0.92,1.20,0.82,0.70,-1,-1,-1,1.06,4.02,0.92,1.20,0.94,0.75,-1,-1,-1,0.97,3.94,0.93,1.20,0.94,0.75,-1,-1,-1,0.97,3.94,0.93,1.23,1.02,0.78,-1,-1,-1,0.92,3.72,0.80,1.23,1.02,0.78,-1,-1,-1,0.86,3.54,0.89,-1,-1,-1,-1,-1,-1,0.87,3.36,0.96,1.26,1.04,0.78,-1,-1,-1,0.91,3.22,0.85]

dribble2_2
[,-1,-1,-1,-1,-1,-1,0.66,2.27,0.94,1.40,1.08,0.72,-1,-1,-1,0.66,2.27,0.94,1.40,1.08,0.72,-1,-1,-1,0.63,1.95,0.85,1.40,1.11,0.77,-1,-1,-1,0.61,1.82,0.84,1.40,1.11,0.77,-1,-1,-1,0.61,1.82,0.84,1.40,1.13,0.78,-1,-1,-1,0.56,1.60,0.80,1.40,1.14,0.81,0.00,0.00,0.00,0.56,1.60,0.80,1.40,1.15,0.82,0.46,1.41,0.84,-1,-1,-1,1.41,1.16,0.83,0.46,1.41,0.84,0.55,1.52,0.79,1.41,1.17,0.84,-1,-1,-1,0.55,1.52,0.79,1.41,1.17,0.83,-1,-1,-1,0.62,1.33,0.68,1.42,1.17,0.84,-1,-1,-1,0.64,1.21,0.67,1.42,1.17,0.84,-1,-1,-1,0.66,1.16,0.65,1.41,1.18,0.84,0.44,1.43,0.84,0.65,1.15,0.64,1.41,1.18,0.84,0.44,1.43,0.84,0.63,1.04,0.72,1.42,1.16,0.82,0.36,1.60,0.86,0.63,1.04,0.72,1.41,1.14,0.79,0.36,1.60,0.86,0.55,1.09,0.71,1.41,1.14,0.79,-1,-1,-1,0.55,1.09,0.71,-1,-1,-1,-1,-1,-1,0.50,1.10,0.61,-1,-1,-1,0.38,1.84,0.91,0.50,1.10,0.61,1.41,1.13,0.77,0.38,2.08,0.97,-1,-1,-1,1.41,1.10,0.74,0.41,2.27,0.81,0.46,1.26,0.68,1.41,1.10,0.75,0.41,2.27,0.81,0.39,1.51,0.75,1.41,1.10,0.75,-1,-1,-1,0.35,1.77,0.83,1.41,1.10,0.75,0.31,2.44,1.02,0.31,2.03,0.82,-1,-1,-1,0.44,2.61,1.08,0.24,2.26,0.84,1.42,1.11,0.77,0.39,2.83,1.12,0.24,2.26,0.84,1.42,1.11,0.77,0.39,2.83,1.12,0.23,2.43,0.89,1.42,1.13,0.80,-1,-1,-1,0.21,2.54,0.79,1.41,1.13,0.79,-1,-1,-1,0.22,2.70,0.84,1.41,1.15,0.81,0.53,3.11,1.19,0.17,2.90,0.85,1.42,1.15,0.82,0.42,3.37,1.15,0.17,3.08,0.89,1.42,1.15,0.83,0.51,3.67,1.08,0.17,3.36,1.01,1.42,1.16,0.84,0.51,3.67,1.08,0.19,3.61,1.04,1.41,1.15,0.81,-1,-1,-1,0.35,3.77,1.03,1.41,1.13,0.79,-1,-1,-1,0.24,3.93,1.08,1.41,1.13,0.79,-1,-1,-1,0.36,4.05,1.15,1.41,1.13,0.79,0.60,4.26,1.03,0.41,4.22,1.05,-1,-1,-1,0.60,4.26,1.03,0.04,4.49,1.07,-1,-1,-1,-1,-1,-1,0.06,4.86,1.11,-1,-1,-1,0.65,4.70,0.84,0.16,5.36,1.31]

dribble2_3
[,1.41,1.06,0.73,-1,-1,-1,-1,-1,-1,1.41,1.06,0.73,-1,-1,-1,-1,-1,-1,-1,-1,-1,-1,-1,-1,-1,-1,-1,1.41,1.04,0.68,-1,-1,-1,-1,-1,-1,1.41,1.04,0.68,-1,-1,-1,-1,-1,-1,1.41,1.02,0.65,-1,-1,-1,-1,-1,-1,1.41,1.02,0.65,-1,-1,-1,-1,-1,-1,1.41,1.02,0.65,-1,-1,-1,-1,-1,-1,1.42,1.05,0.69,-1,-1,-1,-1,-1,-1,1.42,1.05,0.69,-1,-1,-1,-1,-1,-1,-1,-1,-1,-1,-1,-1,-1,-1,-1,-1,-1,-1,-1,-1,-1,-1,-1,-1,1.41,1.06,0.70,-1,-1,-1,-1,-1,-1,1.41,0.85,0.72,-1,-1,-1,-1,-1,-1,1.42,0.91,0.73,-1,-1,-1,-1,-1,-1,1.41,0.96,0.74,-1,-1,-1,-1,-1,-1,1.41,0.96,0.69,0.92,7.16,1.70,-1,-1,-1,1.41,0.96,0.69,0.92,7.16,1.70,0.83,6.96,0.81,-1,-1,-1,-1,-1,-1,-1,-1,-1,-1,-1,-1,-1,-1,-1,-1,-1,-1,-1,-1,-1,0.95,7.12,1.65,-1,-1,-1,-1,-1,-1,0.93,6.83,1.52,-1,-1,-1,1.41,0.95,0.63,0.75,6.61,1.39,0.83,6.93,0.94,1.41,0.99,0.66,0.75,6.61,1.39,0.88,6.89,0.99,1.41,0.99,0.66,-1,-1,-1,0.91,6.87,1.13,1.41,1.03,0.70,0.98,6.25,1.35,0.91,6.87,1.13,1.41,1.03,0.70,0.89,5.98,1.16,0.90,6.69,0.96,1.41,1.04,0.70,0.84,5.82,0.96,0.88,6.54,0.87,1.41,1.04,0.70,0.75,5.60,0.85,1.02,6.43,0.74,-1,-1,-1,0.75,5.60,0.85,1.08,6.30,0.75,1.41,1.02,0.65,-1,-1,-1,1.10,6.12,0.73,1.41,1.02,0.65,-1,-1,-1,1.11,5.95,0.75,-1,-1,-1,0.86,5.43,0.77,1.11,5.95,0.75,1.41,1.03,0.65,0.86,5.43,0.77,1.08,5.71,0.83,1.41,1.03,0.65,-1,-1,-1,1.15,5.55,0.79,1.41,1.07,0.71,0.81,5.11,0.79,1.15,5.41,0.82,1.41,1.07,0.71,0.81,5.11,0.79,1.18,5.30,0.83,1.41,1.07,0.72,0.75,4.87,0.86,1.18,5.13,0.97,1.41,1.07,0.72,0.67,4.65,0.90,1.18,5.13,0.97,-1,-1,-1,-1,-1,-1,1.12,4.95,1.07,-1,-1,-1,-1,-1,-1,1.07,4.76,1.12,1.42,1.09,0.74,-1,-1,-1,1.09,4.59,1.04,1.42,1.09,0.74,-1,-1,-1,1.10,4.44,1.01,-1,-1,-1,-1,-1,-1,1.10,4.44,1.01,-1,-1,-1,-1,-1,-1,1.18,4.35,0.91,-1,-1,-1,-1,-1,-1,1.18,4.35,0.91,1.42,1.10,0.76,-1,-1,-1,1.09,4.16,0.93,1.42,1.10,0.76,-1,-1,-1,1.04,3.97,1.02,-1,-1,-1,-1,-1,-1,1.01,3.75,1.01,-1,-1,-1,-1,-1,-1,0.94,3.55,1.02]

dribble2_4
[,1.40,1.04,0.74,0.37,2.85,0.80,0.71,2.82,1.12,-1,-1,-1,0.40,2.87,0.81,-1,-1,-1,1.40,1.04,0.73,0.42,2.90,0.90,-1,-1,-1,1.40,1.06,0.74,0.42,2.92,0.91,-1,-1,-1,1.40,1.06,0.74,0.43,2.95,0.99,-1,-1,-1,-1,-1,-1,0.42,2.92,0.92,0.73,2.75,1.11,-1,-1,-1,0.44,2.97,0.98,0.73,2.75,1.11,1.40,1.10,0.78,0.43,2.96,0.92,-1,-1,-1,1.40,1.11,0.79,0.44,2.94,0.90,0.71,2.62,0.96,1.40,1.12,0.80,0.49,2.92,0.86,0.68,2.54,0.89,1.40,1.15,0.83,0.50,2.92,0.84,0.59,2.50,0.93,1.41,1.15,0.83,0.54,2.95,0.91,0.59,2.50,0.93,1.41,1.17,0.85,0.61,2.95,0.90,-1,-1,-1,1.40,1.17,0.85,0.64,2.80,1.02,0.58,2.49,0.95,1.40,1.18,0.87,0.59,2.88,0.97,0.58,2.49,0.95,1.40,1.18,0.86,0.59,2.88,0.97,0.60,2.43,1.01,1.40,1.16,0.84,0.72,2.98,0.93,0.63,2.48,0.76,1.40,1.17,0.84,0.72,2.98,0.93,0.62,2.52,0.74,1.39,1.18,0.85,0.70,3.02,1.00,0.59,2.58,0.85,1.40,1.18,0.86,0.65,3.06,1.03,0.59,2.58,0.85,1.40,1.18,0.86,0.59,3.12,1.09,0.57,2.66,0.93,1.40,1.18,0.86,0.55,3.17,1.08,0.53,2.73,0.81,1.40,1.17,0.85,0.55,3.17,1.08,0.46,2.84,0.90,1.39,1.16,0.84,0.49,3.27,1.11,0.39,2.96,0.99,1.40,1.14,0.81,0.49,3.27,1.11,0.35,2.98,0.92,1.40,1.14,0.81,0.61,3.49,0.91,0.31,3.07,1.01,-1,-1,-1,0.33,3.62,0.95,0.30,3.17,1.06,1.40,1.11,0.75,0.33,3.62,0.95,0.27,3.25,1.09,1.40,1.11,0.75,0.49,3.83,1.03,0.23,3.35,1.09,1.40,1.10,0.75,0.48,3.88,1.10,0.22,3.47,1.05,1.40,1.11,0.77,0.48,3.88,1.10,0.21,3.63,1.08,1.40,1.13,0.80,-1,-1,-1,0.43,3.91,1.17,1.40,1.13,0.79,-1,-1,-1,0.44,4.13,1.24,1.40,1.14,0.81,0.54,4.09,1.16,0.29,4.29,1.33,1.40,1.14,0.81,0.55,4.25,1.19,0.45,4.41,1.36,1.40,1.14,0.82,0.55,4.25,1.19,0.52,4.47,1.15,1.40,1.14,0.82,-1,-1,-1,0.52,4.47,1.15,-1,-1,-1,-1,-1,-1,-1,-1,-1,-1,-1,-1,-1,-1,-1,-1,-1,-1,1.40,1.14,0.84,-1,-1,-1,-1,-1,-1,1.40,1.15,0.84,0.52,4.55,1.34,-1,-1,-1,-1,-1,-1,0.53,4.75,1.41,-1,-1,-1]

dribble2_5
[,1.73,3.01,0.99,0.79,4.55,1.14,1.05,4.83,0.87,1.73,3.08,1.05,0.79,4.51,1.12,1.03,4.81,0.94,1.72,3.15,1.11,0.96,4.54,1.09,1.02,4.80,1.01,1.72,3.15,1.11,1.00,4.49,1.16,1.04,4.77,1.04,-1,-1,-1,1.05,4.47,1.22,1.07,4.78,0.95,-1,-1,-1,1.19,4.41,1.27,1.09,4.79,0.85,-1,-1,-1,1.04,4.34,1.19,1.12,4.81,0.71,1.68,3.33,1.03,1.04,4.34,1.19,1.12,4.81,0.70,1.68,3.33,1.03,1.09,4.35,1.24,1.38,4.90,0.81,1.79,3.54,1.13,1.12,4.41,1.12,1.32,4.89,0.70,1.79,3.54,1.13,1.15,4.39,1.20,1.27,4.98,0.90,1.87,3.69,1.20,0.98,4.39,1.13,1.19,4.94,0.92,1.87,3.69,1.20,0.98,4.39,1.13,1.13,4.91,0.93,-1,-1,-1,0.99,4.39,1.20,1.42,4.99,1.04,-1,-1,-1,1.02,4.39,1.22,1.42,4.99,1.04,-1,-1,-1,1.05,4.39,1.27,-1,-1,-1,1.94,3.80,1.25,1.03,4.40,1.30,-1,-1,-1,1.98,3.88,1.31,0.91,4.38,1.24,1.34,4.90,1.03,2.01,3.94,1.33,0.97,4.34,1.28,1.29,4.82,1.04,1.81,4.05,1.33,1.07,4.29,1.24,1.14,4.73,1.02,1.90,4.04,1.36,1.07,4.29,1.24,1.14,4.67,1.04,1.90,4.04,1.36,-1,-1,-1,1.14,4.67,1.04,-1,-1,-1,-1,-1,-1,-1,-1,-1,1.86,3.97,1.31,1.23,4.19,1.29,-1,-1,-1,1.95,3.94,1.06,1.23,4.19,1.29,-1,-1,-1,2.00,3.89,1.00,-1,-1,-1,1.25,4.48,0.94,2.04,3.96,1.18,1.14,3.95,1.25,1.28,4.34,0.98,1.90,3.90,1.18,1.14,3.95,1.25,1.28,4.34,0.98,1.91,3.80,1.22,-1,-1,-1,1.22,4.19,0.96,1.62,3.79,1.24,0.90,3.59,1.27,1.16,3.99,0.86,1.75,3.70,1.25,0.93,3.41,1.23,1.16,3.99,0.86,1.51,3.71,1.25,0.93,3.41,1.23,1.22,3.76,0.88,1.51,3.71,1.25,0.89,3.12,1.09,1.22,3.46,0.90,1.64,4.04,1.80,0.86,2.88,1.07,1.22,3.46,0.90,1.70,4.09,2.05,0.84,2.66,0.93,1.15,3.27,0.92,1.70,3.89,1.84,0.80,2.49,0.91,1.15,3.27,0.92,1.42,3.76,1.69,0.80,2.49,0.91,1.11,3.06,0.82,1.26,3.59,1.54,-1,-1,-1,1.08,2.88,0.86,1.11,3.48,1.32,-1,-1,-1,1.09,2.70,0.90,1.15,3.29,1.19,0.82,2.30,0.89,1.09,2.48,0.84,1.16,3.09,1.09,0.82,2.11,0.86,1.06,2.22,0.81,1.14,2.93,1.03,0.83,1.96,0.84,1.06,2.22,0.81,1.07,2.77,0.97,0.84,1.69,0.84,1.09,1.98,0.76,1.04,2.63,0.95,0.85,1.61,0.86,1.11,1.77,0.79,1.01,2.52,0.97,0.89,1.44,0.70,1.11,1.77,0.79,1.00,2.42,0.98,0.93,1.31,0.66,-1,-1,-1,0.99,2.36,1.00,0.93,1.31,0.66,-1,-1,-1,0.97,2.30,1.00,0.97,1.18,0.66,-1,-1,-1,0.76,2.23,0.89,1.01,1.08,0.68,-1,-1,-1,0.70,2.15,0.81,1.01,0.98,0.67,-1,-1,-1,0.73,2.11,0.65,1.01,0.98,0.67,1.13,1.56,0.76,0.73,2.11,0.65,-1,-1,-1,1.13,1.56,0.76]

dribble2_6
[,0.81,3.03,1.05,-1,-1,-1,-1,-1,-1,0.83,3.06,1.07,-1,-1,-1,-1,-1,-1,0.83,3.06,1.07,1.01,0.89,0.66,1.04,0.51,0.49,-1,-1,-1,1.01,0.85,0.69,1.07,0.53,0.55,-1,-1,-1,1.01,0.85,0.69,1.06,0.56,0.50,-1,-1,-1,1.03,0.69,0.55,1.06,0.56,0.50,-1,-1,-1,1.02,0.70,0.59,1.07,0.57,0.57,-1,-1,-1,1.03,0.78,0.57,1.07,0.57,0.57,-1,-1,-1,1.03,0.78,0.57,-1,-1,-1,-1,-1,-1,-1,-1,-1,-1,-1,-1,-1,-1,-1,-1,-1,-1,-1,-1,-1,-1,-1,-1,1.04,0.78,0.57,-1,-1,-1,-1,-1,-1,0.98,0.88,0.62,-1,-1,-1,-1,-1,-1,0.94,0.97,0.66,1.02,0.64,0.59,-1,-1,-1,0.94,0.97,0.66,0.94,0.76,0.64,0.80,3.12,0.94,-1,-1,-1,0.94,0.76,0.64,0.90,3.14,0.98,0.91,1.10,0.63,-1,-1,-1,0.93,3.16,1.02,0.90,1.04,0.67,0.90,0.61,0.66,0.98,3.14,0.92,0.86,1.16,0.73,0.90,0.61,0.66,0.98,3.14,0.92,0.86,1.16,0.73,-1,-1,-1,1.01,3.11,0.81,-1,-1,-1,0.85,0.67,0.62,1.01,3.11,0.81,-1,-1,-1,0.80,0.68,0.60,1.04,3.11,0.88,-1,-1,-1,0.76,0.76,0.58,1.11,3.08,0.91,-1,-1,-1,0.73,0.98,0.56,1.11,3.08,0.91,0.68,1.40,0.80,0.68,1.23,0.64,1.12,2.91,0.86,0.68,1.40,0.80,0.68,1.23,0.64,1.10,2.76,0.89,-1,-1,-1,0.60,1.40,0.70,1.13,2.67,0.87,-1,-1,-1,0.60,1.40,0.70,1.16,2.58,0.88,-1,-1,-1,0.54,1.54,0.74,1.16,2.58,0.88,-1,-1,-1,0.49,1.72,0.79,1.16,2.45,0.87,-1,-1,-1,0.42,1.92,0.85,1.23,2.37,0.88,-1,-1,-1,0.42,1.92,0.85,1.26,2.27,0.93,-1,-1,-1,-1,-1,-1,1.24,2.21,0.96,-1,-1,-1,0.44,2.24,0.79,1.23,2.17,0.94,-1,-1,-1,0.36,2.47,0.89,1.18,2.22,0.90,-1,-1,-1,0.31,2.65,0.95,1.12,2.38,0.97,-1,-1,-1,0.31,2.84,0.97,0.95,2.58,0.96,-1,-1,-1,0.29,3.07,1.02,0.86,2.81,0.88,-1,-1,-1,0.33,3.35,0.90,0.79,3.00,0.95,-1,-1,-1,0.30,3.63,0.91,0.73,3.14,1.02,-1,-1,-1,0.36,3.89,0.82,0.76,3.31,0.92,-1,-1,-1,0.36,4.08,0.81,0.92,3.55,0.93,-1,-1,-1,0.35,4.22,0.78,0.70,3.67,0.92,-1,-1,-1,0.42,4.39,0.69,0.69,3.75,0.96,-1,-1,-1,0.47,4.55,0.69,0.69,3.82,0.98,-1,-1,-1,0.47,4.55,0.69,0.69,3.88,0.96,-1,-1,-1,-1,-1,-1,0.66,3.90,0.98,-1,-1,-1,-1,-1,-1,0.67,3.90,0.95,-1,-1,-1,0.53,5.03,0.67,0.79,3.90,1.07,-1,-1,-1,0.53,5.03,0.67,0.76,3.92,1.09,-1,-1,-1,-1,-1,-1,0.75,3.90,0.99,-1,-1,-1,0.49,5.36,0.54,0.77,3.90,0.96,-1,-1,-1,0.50,5.61,0.50,0.91,3.90,1.05,-1,-1,-1,0.50,5.61,0.50,0.86,3.91,1.01,-1,-1,-1,-1,-1,-1,0.83,3.89,0.95,-1,-1,-1,-1,-1,-1,0.81,3.89,0.90,-1,-1,-1,-1,-1,-1,0.96,3.88,1.00,-1,-1,-1,-1,-1,-1,0.91,3.87,0.83,-1,-1,-1,-1,-1,-1]

dribble2_7
[,0.89,3.40,1.07,0.35,7.06,0.44,-1,-1,-1,0.89,3.39,1.08,-1,-1,-1,-1,-1,-1,0.90,3.38,1.08,-1,-1,-1,-1,-1,-1,0.88,3.36,1.06,0.23,7.03,0.42,-1,-1,-1,0.87,3.36,1.05,0.28,7.29,0.65,-1,-1,-1,0.87,3.35,1.06,0.16,7.20,0.56,0.35,6.59,0.68,0.87,3.35,1.06,0.16,7.20,0.56,0.32,6.70,0.63,0.87,3.35,1.04,0.17,7.10,0.61,0.30,6.74,0.64,1.02,3.39,0.97,0.20,7.04,0.58,0.30,6.74,0.64,1.02,3.39,0.97,0.20,7.04,0.58,0.25,7.10,0.85,-1,-1,-1,0.20,7.04,0.57,0.25,7.10,0.85,-1,-1,-1,0.20,7.08,0.67,-1,-1,-1,1.01,3.38,0.98,0.17,6.96,0.72,-1,-1,-1,1.01,3.38,0.98,0.17,6.97,0.73,-1,-1,-1,-1,-1,-1,0.17,6.97,0.73,0.26,7.01,0.85,0.98,3.37,1.00,0.15,6.88,0.77,0.26,6.96,0.82,0.98,3.37,1.00,0.11,6.81,0.80,0.25,6.93,0.75,-1,-1,-1,0.11,6.81,0.80,0.19,6.86,0.71,0.95,3.36,0.98,0.15,6.79,0.76,0.23,6.79,0.64,0.95,3.36,0.98,0.15,6.79,0.76,0.29,6.61,0.67,0.95,3.36,0.98,0.15,6.63,0.63,0.30,6.52,0.62,-1,-1,-1,0.15,6.63,0.63,0.30,6.52,0.62,-1,-1,-1,-1,-1,-1,-1,-1,-1,0.95,3.37,1.04,-1,-1,-1,-1,-1,-1,0.95,3.37,1.04,-1,-1,-1,-1,-1,-1,-1,-1,-1,0.28,6.40,0.67,-1,-1,-1,-1,-1,-1,0.25,6.14,0.74,0.31,6.53,0.78,-1,-1,-1,0.14,5.90,0.79,0.27,6.35,0.83,-1,-1,-1,0.14,5.90,0.79,0.26,6.16,0.85,-1,-1,-1,-1,-1,-1,0.23,5.96,0.88,-1,-1,-1,-1,-1,-1,0.23,5.96,0.88,-1,-1,-1,0.15,5.70,0.87,0.22,5.72,0.95,-1,-1,-1,0.15,5.70,0.87,0.26,5.73,1.17,-1,-1,-1,0.39,5.42,0.87,0.31,5.51,1.06,1.00,3.54,1.14,0.33,5.11,0.93,0.37,5.28,1.07,1.05,3.80,1.02,0.33,5.11,0.93,0.40,5.10,1.02,1.05,3.80,1.02,0.40,4.87,0.90,0.27,4.83,1.08,1.12,4.25,1.14,0.47,4.61,0.78,0.28,4.67,1.06,1.12,4.25,1.14,0.47,4.61,0.78,0.35,4.50,1.08,-1,-1,-1,0.50,4.27,0.91,0.46,4.48,1.21,1.17,4.64,1.29,0.28,3.93,0.89,0.31,4.31,1.25,1.17,4.64,1.29,0.28,3.93,0.89,0.37,4.18,1.14,-1,-1,-1,0.36,3.68,0.95,0.37,4.18,1.14,-1,-1,-1,0.37,3.45,1.00,0.35,3.95,1.15,1.18,4.72,1.18,0.37,3.45,1.00,0.35,3.95,1.15,1.23,4.71,1.13,-1,-1,-1,0.33,3.65,1.15,1.22,4.57,1.19,0.58,3.15,1.07,0.41,3.48,0.92,1.22,4.57,1.19,0.58,3.15,1.07,0.43,3.32,0.95,-1,-1,-1,0.57,2.91,1.04,0.41,3.18,1.01]

dribble2_8
[,1.63,1.86,0.92,0.83,0.80,0.49,-1,-1,-1,1.64,1.85,0.94,0.83,0.84,0.46,-1,-1,-1,1.63,1.83,0.89,0.86,0.90,0.54,0.79,1.25,0.62,1.61,1.79,0.88,0.87,0.93,0.60,0.79,1.25,0.62,1.72,1.82,0.87,0.87,0.93,0.60,-1,-1,-1,1.79,1.84,0.87,0.87,0.90,0.59,-1,-1,-1,1.83,1.85,0.86,0.87,0.91,0.63,-1,-1,-1,1.84,1.86,0.86,0.87,0.91,0.63,-1,-1,-1,1.83,1.85,0.84,0.86,0.93,0.67,-1,-1,-1,1.89,1.86,0.81,0.85,0.94,0.69,-1,-1,-1,1.96,1.86,0.89,0.84,0.96,0.69,-1,-1,-1,1.93,1.88,0.90,0.81,1.00,0.71,-1,-1,-1,1.90,1.86,0.88,-1,-1,-1,-1,-1,-1,1.82,1.89,0.82,-1,-1,-1,-1,-1,-1,1.78,1.90,0.82,-1,-1,-1,0.70,1.23,0.65,1.74,1.91,0.84,-1,-1,-1,0.70,1.23,0.65,1.92,1.94,0.80,-1,-1,-1,-1,-1,-1,1.87,1.93,0.83,-1,-1,-1,-1,-1,-1,1.82,1.94,0.87,-1,-1,-1,-1,-1,-1,1.78,1.95,0.87,-1,-1,-1,0.67,1.44,0.58,1.75,1.99,0.91,-1,-1,-1,0.61,1.68,0.67,1.70,2.04,0.90,-1,-1,-1,0.58,1.86,0.74,1.56,2.18,0.90,-1,-1,-1,0.59,2.00,0.82,1.45,2.34,0.88,-1,-1,-1,0.59,2.00,0.82,1.37,2.47,0.90,-1,-1,-1,-1,-1,-1,1.37,2.47,0.90,-1,-1,-1,0.55,2.23,0.91,-1,-1,-1,-1,-1,-1,0.50,2.48,0.97,1.26,2.60,0.90,-1,-1,-1,0.49,2.71,1.04,1.20,2.78,0.93,-1,-1,-1,0.41,2.90,1.06,1.20,2.78,0.93,-1,-1,-1,0.76,3.15,1.01,1.16,3.11,1.02,-1,-1,-1,0.64,3.25,1.05,1.14,3.36,0.90,-1,-1,-1,0.56,3.35,1.07,1.14,3.36,0.90,-1,-1,-1,0.53,3.52,1.13,1.26,3.60,0.94,-1,-1,-1,0.58,3.77,0.97,1.26,3.60,0.94,-1,-1,-1,0.57,4.05,0.95,-1,-1,-1,-1,-1,-1,0.55,4.24,0.84,-1,-1,-1,-1,-1,-1,0.55,4.24,0.84,-1,-1,-1,-1,-1,-1,0.51,4.42,0.88,-1,-1,-1,-1,-1,-1,0.52,4.57,0.85,-1,-1,-1,-1,-1,-1,0.63,4.74,0.74,-1,-1,-1,-1,-1,-1,0.65,4.90,0.66,-1,-1,-1,-1,-1,-1,0.60,5.12,0.67]

dribble2_9
[,1.81,4.99,1.39,-1,-1,-1,0.45,6.60,0.84,1.82,4.88,1.37,-1,-1,-1,0.39,6.44,0.80,1.85,4.90,1.27,-1,-1,-1,0.38,6.37,0.79,1.86,5.03,1.46,-1,-1,-1,0.60,6.31,0.76,1.86,5.03,1.46,-1,-1,-1,0.34,6.46,1.07,-1,-1,-1,-1,-1,-1,0.31,6.39,1.07,-1,-1,-1,-1,-1,-1,0.29,6.53,1.26,1.87,5.00,1.33,-1,-1,-1,0.29,6.53,1.26,1.88,4.99,1.25,-1,-1,-1,0.11,6.65,1.42,1.88,4.99,1.25,-1,-1,-1,0.11,6.65,1.42,1.90,4.99,1.24,-1,-1,-1,0.11,6.65,1.42,1.91,4.99,1.22,-1,-1,-1,-1,-1,-1,1.91,4.99,1.22,0.02,6.45,1.84,-1,-1,-1,-1,-1,-1,-1,-1,-1,-1,-1,-1,1.92,4.88,1.26,-1,-1,-1,0.48,6.55,1.34,1.92,4.88,1.26,0.04,6.46,1.85,0.25,6.68,1.49,1.90,4.92,1.26,0.04,6.46,1.85,0.25,6.68,1.49,1.90,4.85,1.19,-1,-1,-1,-1,-1,-1,1.90,4.85,1.19,-1,-1,-1,0.09,6.73,1.58,1.90,4.99,1.40,-1,-1,-1,0.09,6.73,1.58,1.90,4.92,1.26,0.08,6.45,1.85,-1,-1,-1,1.92,4.92,1.18,0.08,6.45,1.85,-1,-1,-1,1.93,4.85,1.18,-1,-1,-1,-1,-1,-1,1.93,5.00,1.39,-1,-1,-1,-1,-1,-1,1.94,4.92,1.30,-1,-1,-1,-1,-1,-1,1.94,4.92,1.30,-1,-1,-1,-0.05,6.81,1.67,1.96,4.95,1.24,-1,-1,-1,-0.05,6.81,1.67,1.96,4.95,1.24,0.07,6.43,1.81,-0.18,6.86,1.73,-1,-1,-1,0.07,6.41,1.79,-0.23,6.78,1.67,-1,-1,-1,0.07,6.41,1.79,-0.23,6.78,1.67,1.99,5.04,1.37,0.12,6.42,1.80,-0.26,6.72,1.61,1.99,5.04,1.37,0.12,6.42,1.80,-0.26,6.72,1.61,-1,-1,-1,-1,-1,-1,-1,-1,-1,-1,-1,-1,0.16,6.43,1.82,-1,-1,-1,-1,-1,-1,0.16,6.43,1.82,-1,-1,-1,-1,-1,-1,-1,-1,-1,-0.22,6.77,1.69,2.00,5.02,1.21,-1,-1,-1,-0.02,6.54,1.46,2.00,5.02,1.21,-1,-1,-1,-0.02,6.54,1.46,1.99,5.07,1.33,-1,-1,-1,0.05,6.36,1.34,1.99,5.07,1.33,0.24,6.16,1.50,0.12,6.18,1.07,-1,-1,-1,0.23,5.98,1.39,0.20,6.02,1.19,-1,-1,-1,0.31,5.68,1.32,0.20,6.02,1.19,-1,-1,-1,0.33,5.62,1.58,0.24,5.87,1.04,1.98,5.34,1.67,0.33,5.62,1.58,0.22,5.76,0.90,1.98,5.34,1.67,-1,-1,-1,0.22,5.76,0.90,1.98,5.35,1.72,0.25,5.32,1.53,0.31,5.64,0.87,1.96,5.34,1.72,0.28,5.07,1.50,0.40,5.52,0.82,1.85,5.13,1.60,0.34,4.85,1.41,0.40,5.52,0.82,1.77,4.94,1.53,0.45,4.65,1.12,0.36,5.27,0.87,1.77,4.94,1.53,0.33,4.41,1.08,0.36,5.27,0.87,-1,-1,-1,0.33,4.41,1.08,0.47,5.00,0.81,1.68,4.64,1.37,0.30,4.13,1.14,0.88,4.87,0.84,1.64,4.39,1.37,0.27,4.00,1.14,1.22,4.77,0.92,1.64,4.39,1.37,0.27,4.00,1.14,1.22,4.77,0.92,-1,-1,-1,-1,-1,-1,1.10,4.52,0.86,1.34,4.32,1.33,0.06,3.79,0.97,1.10,4.52,0.86,1.20,4.27,1.14,-0.10,3.53,1.00,0.88,4.20,0.93,1.03,4.24,1.11,-0.10,3.53,1.00,0.86,3.87,0.93,0.89,4.23,1.14,0.04,3.31,0.90,0.70,3.61,0.98,0.89,4.23,1.14,0.04,3.31,0.90,0.58,3.43,1.03,-1,-1,-1,-1,-1,-1,0.52,3.27,1.05,-1,-1,-1,0.25,2.95,0.93,0.59,3.17,0.98,-1,-1,-1,0.36,2.68,1.02,0.57,3.06,0.96,1.19,4.14,1.20,0.41,2.54,0.96,0.50,2.93,0.97,1.44,4.07,1.25,0.41,2.54,0.96,0.65,2.79,0.93,1.66,4.18,1.36,-1,-1,-1,0.72,2.58,0.91,1.43,4.22,1.35,-1,-1,-1,0.72,2.58,0.91,1.52,4.18,1.33,0.46,2.23,0.87,0.76,2.26,0.81,1.52,4.18,1.33,0.49,1.97,0.73,0.82,2.05,0.82,-1,-1,-1,0.54,1.82,0.76,0.82,2.05,0.82,-1,-1,-1,0.54,1.82,0.76,0.87,1.90,0.85,1.73,4.12,1.34,-1,-1,-1,0.87,1.90,0.85,1.73,4.12,1.34,-1,-1,-1,-1,-1,-1,1.85,4.06,1.35,-1,-1,-1,0.92,1.67,0.84,1.95,4.02,1.36,-1,-1,-1,0.98,1.47,0.72,2.04,3.98,1.40,0.51,1.50,0.68,0.98,1.47,0.72,2.10,3.97,1.39,0.51,1.50,0.68,-1,-1,-1,2.13,3.95,1.37,-1,-1,-1,-1,-1,-1,2.17,3.95,1.34,-1,-1,-1,-1,-1,-1,2.21,3.94,1.38,-1,-1,-1,-1,-1,-1]

dribble2_10
[,1.59,6.11,1.89,0.97,4.75,1.00,0.76,2.09,0.90,1.57,5.88,1.68,1.18,4.85,0.99,0.82,2.18,0.94,1.57,5.88,1.68,1.18,4.85,0.99,0.82,2.18,0.94,1.55,5.71,1.54,1.12,4.81,1.08,-1,-1,-1,1.52,5.61,1.37,1.08,4.84,0.92,0.79,2.25,0.94,1.49,6.03,1.74,1.16,4.88,0.89,0.79,2.25,0.94,1.47,6.34,2.01,0.95,4.97,0.88,0.80,2.30,0.97,1.49,6.17,1.81,1.24,5.07,0.93,0.80,2.30,0.97,1.48,5.93,1.61,1.17,5.07,0.93,-1,-1,-1,1.51,6.28,1.90,1.11,5.06,0.89,0.83,2.35,1.01,1.50,6.53,2.13,1.11,5.06,0.89,0.84,2.38,1.03,1.51,6.73,2.30,1.08,5.03,0.80,0.71,2.40,0.94,1.55,6.35,2.01,1.06,5.09,0.96,0.64,2.42,0.89,1.52,6.05,1.83,1.04,5.09,0.94,0.64,2.42,0.89,1.52,6.05,1.83,0.99,5.03,0.89,-1,-1,-1,-1,-1,-1,0.88,4.98,0.86,-1,-1,-1,-1,-1,-1,1.02,4.99,0.74,0.61,2.43,0.87,1.46,5.94,1.84,1.02,4.99,0.74,0.66,2.43,0.90,1.43,6.10,2.12,0.51,4.89,0.82,0.67,2.44,0.93,1.43,6.10,2.12,0.43,4.78,0.92,0.72,2.46,0.96,-1,-1,-1,0.55,4.70,0.94,0.72,2.48,0.91,-1,-1,-1,0.73,4.59,1.06,0.69,2.53,0.95,-1,-1,-1,0.88,4.52,1.13,0.71,2.59,0.89,-1,-1,-1,0.99,4.45,1.20,0.70,2.62,0.74,1.26,5.71,1.93,1.05,4.39,1.25,0.68,2.65,0.70,1.09,5.35,1.55,1.05,4.39,1.25,0.68,2.65,0.70,0.95,5.10,1.42,1.04,4.33,1.17,0.67,2.70,0.75,1.00,4.91,1.42,1.04,4.33,1.17,0.69,2.73,0.78,1.01,4.78,1.41,0.93,4.25,1.15,0.69,2.73,0.71,1.01,4.78,1.41,0.93,4.25,1.15,0.69,2.73,0.71,0.81,4.67,1.33,-1,-1,-1,-1,-1,-1,0.81,4.67,1.33,-1,-1,-1,-1,-1,-1,-1,-1,-1,1.03,4.18,1.20,0.77,2.68,0.63,-1,-1,-1,1.03,4.18,1.20,0.84,2.64,0.61,-1,-1,-1,0.89,4.08,1.04,0.84,2.64,0.61,0.74,4.55,1.13,0.77,3.99,1.04,-1,-1,-1,0.83,4.46,1.12,0.77,3.95,0.94,-1,-1,-1,0.83,4.46,1.12,0.67,3.86,0.99,0.87,2.58,0.57,-1,-1,-1,0.67,3.86,0.99,0.87,2.58,0.57,0.79,4.45,1.14,-1,-1,-1,-1,-1,-1,0.77,4.42,1.16,-1,-1,-1,0.89,2.62,0.71,1.04,4.44,1.00,0.39,3.81,1.04,0.86,2.63,0.77,0.83,4.36,1.09,0.17,3.77,1.10,0.80,2.63,0.84,0.66,4.24,1.07,0.20,3.75,1.15,0.73,2.65,0.79,0.66,4.24,1.07,0.34,3.71,1.20,0.73,2.65,0.79,-1,-1,-1,0.34,3.71,1.20,0.71,2.63,0.75,-1,-1,-1,0.37,3.69,1.11,0.71,2.63,0.75,0.61,4.04,1.04,0.45,3.67,0.99,0.72,2.59,0.66,0.63,3.89,1.02,0.45,3.67,0.99,0.73,2.54,0.69,0.63,3.77,0.95,0.65,3.65,0.98,0.71,2.43,0.87,0.64,3.74,1.04,0.91,3.60,1.06,0.71,2.43,0.87,0.70,3.68,1.08,1.02,3.59,1.03,0.68,2.54,0.74,0.79,3.59,1.07,1.04,3.59,1.01,0.69,2.73,0.84,0.79,3.59,1.07,0.89,3.56,1.00,0.67,2.95,1.01,0.88,3.35,1.14,1.10,3.34,1.03,0.53,3.12,1.02,0.94,3.25,0.87,1.21,3.23,1.04,0.53,3.12,1.02,0.98,3.14,0.89,1.31,3.10,1.05,0.48,3.18,1.01,1.05,3.10,0.94,1.43,2.96,1.08,0.48,3.18,1.01,1.14,3.02,0.98,1.47,2.77,1.00,0.46,3.24,1.06,1.19,2.91,0.95,1.46,2.65,0.82,0.40,3.29,1.07,1.25,2.81,0.97,1.46,2.65,0.82,0.36,3.36,1.06,1.28,2.74,0.97,-1,-1,-1,0.39,3.48,1.05,1.30,2.70,1.00,1.53,2.56,0.87,0.28,3.59,1.10,1.31,2.67,1.01,1.74,2.48,0.90,0.25,3.80,0.98,1.33,2.63,1.01,1.74,2.48,0.90,0.36,4.31,1.40,1.30,2.62,1.00,1.67,2.24,0.73,0.45,4.50,1.47,1.32,2.55,0.90,1.67,2.24,0.73,0.52,4.66,1.53,1.36,2.48,0.93,1.53,2.13,0.68,0.59,4.89,1.74,1.40,2.39,0.96,1.50,2.07,0.77,0.69,4.91,1.71,1.40,2.39,0.96,1.49,1.95,0.76,0.79,4.94,1.72]

dribble2_11
[,1.65,1.43,0.76,-1,-1,-1,0.82,5.29,1.76,1.67,1.31,0.76,-1,-1,-1,-1,-1,-1,1.69,1.22,0.76,1.34,1.76,0.66,-1,-1,-1,1.70,1.16,0.76,1.32,1.75,0.63,-1,-1,-1,1.70,1.16,0.76,1.28,1.74,0.58,-1,-1,-1,-1,-1,-1,1.27,1.74,0.59,-1,-1,-1,-1,-1,-1,1.25,1.73,0.54,0.91,5.13,1.53,-1,-1,-1,1.22,1.73,0.47,0.91,5.13,1.53,1.71,1.09,0.76,1.22,1.73,0.47,0.76,4.87,1.51,1.71,1.09,0.76,1.20,1.74,0.45,0.82,4.71,1.39,-1,-1,-1,1.19,1.73,0.45,0.84,4.60,1.36,1.69,1.08,0.76,1.19,1.75,0.51,0.98,4.52,1.35,1.69,1.08,0.76,1.20,1.62,0.65,0.87,4.44,1.30,-1,-1,-1,1.07,1.64,0.72,0.91,4.38,1.26,1.65,1.17,0.77,1.07,1.64,0.72,0.94,4.34,1.21,1.65,1.17,0.77,-1,-1,-1,0.51,4.31,1.10,1.59,1.25,0.78,-1,-1,-1,0.66,4.29,1.11,1.56,1.32,0.81,-1,-1,-1,0.83,4.27,1.16,1.53,1.38,0.84,1.09,1.70,0.69,0.94,4.24,1.23,1.53,1.38,0.84,1.26,1.83,0.67,1.07,4.25,1.15,1.50,1.42,0.86,1.26,1.93,0.76,0.96,4.17,1.12,1.49,1.46,0.87,1.26,1.93,0.76,0.88,4.08,1.13,1.45,1.51,0.88,1.12,1.97,0.75,0.88,4.02,1.03,1.41,1.59,0.89,1.01,1.99,0.81,0.83,4.01,1.03,1.33,1.70,0.90,1.01,1.99,0.81,0.72,3.92,0.93,1.24,1.81,0.94,-1,-1,-1,0.77,3.92,0.79,1.19,1.91,0.97,-1,-1,-1,0.70,3.89,0.89,1.11,1.95,0.94,0.93,2.12,0.86,0.78,3.91,0.92,1.11,1.95,0.94,0.84,2.26,0.92,0.78,3.91,0.92,-1,-1,-1,0.75,2.25,0.92,0.74,3.90,1.01,0.95,2.02,0.91,0.75,2.25,0.92,0.72,3.89,1.09,0.95,2.02,0.91,0.61,2.31,1.05,0.89,3.94,1.08,-1,-1,-1,0.52,2.37,0.95,0.93,3.93,1.09,-1,-1,-1,0.53,2.39,0.79,0.82,3.89,1.15,0.95,2.14,0.92,0.57,2.41,0.70,0.81,3.89,1.13,0.95,2.19,0.97,0.57,2.41,0.70,0.85,3.89,1.06,0.87,2.14,0.79,0.58,2.47,0.73,0.87,3.85,1.14,0.87,2.14,0.79,0.62,2.51,0.82,0.85,3.84,1.09,-1,-1,-1,0.65,2.50,0.90,0.86,3.82,1.10,0.88,2.04,0.80,0.66,2.47,0.93,0.89,3.81,1.09,0.88,2.04,0.80,0.72,2.43,0.85,0.88,3.82,1.05,0.87,1.95,0.78,0.79,2.41,0.85,0.83,3.80,1.02,0.85,1.92,0.78,0.81,2.42,0.92,0.86,3.79,1.04,0.86,1.92,0.83,0.80,2.40,0.96,0.82,3.78,0.99,0.87,1.93,0.87,0.78,2.35,0.94,0.66,3.72,1.09,0.91,1.93,0.78,0.75,2.33,0.93,0.70,3.72,1.00,1.03,1.91,0.79,0.75,2.33,0.93,0.67,3.68,1.05,1.05,1.77,0.87,0.79,2.32,0.96,0.58,3.62,1.05,1.05,1.77,0.87,0.87,2.32,1.00,0.58,3.57,1.07,-1,-1,-1,0.90,2.32,1.02,0.58,3.57,1.07,-1,-1,-1,0.95,2.32,1.02,-1,-1,-1,-1,-1,-1,0.98,2.31,1.02,0.74,3.54,1.00,1.03,1.86,0.90,0.98,2.31,1.02,0.83,3.52,0.95,1.06,1.94,0.89,1.01,2.29,0.94,0.94,3.50,0.80,1.10,2.02,0.89,1.04,2.32,0.99,0.94,3.50,0.80,1.15,2.11,0.88,1.08,2.36,0.93,0.95,3.48,0.86,1.18,2.16,0.83,1.12,2.43,0.90,0.96,3.45,0.88,1.23,2.26,0.90,1.03,2.50,0.69,0.97,3.39,0.95,1.41,2.42,0.88,1.03,2.50,0.69,1.01,3.34,0.93,1.41,2.59,0.95,-1,-1,-1,0.93,3.29,1.00,1.44,2.77,1.02,1.04,2.67,0.79,1.07,3.21,1.04,1.44,2.77,1.02,1.05,2.81,0.85,0.96,3.14,1.03,1.57,2.94,1.04,0.91,2.91,0.83,0.96,3.14,1.03,1.57,3.04,0.94,0.91,2.91,0.83,-1,-1,-1,1.49,3.21,0.91,-1,-1,-1,0.88,3.02,0.96,1.56,3.44,0.96,-1,-1,-1,0.84,3.01,0.88,1.58,3.62,1.02,0.74,3.05,0.94,1.12,2.97,0.97,1.63,3.74,1.06,0.75,3.13,1.02,1.12,2.97,0.97,1.66,3.86,1.01,0.76,3.27,1.18,1.03,3.02,1.00,1.66,3.86,1.01,0.76,3.27,1.18,1.00,3.06,0.98,-1,-1,-1,0.59,3.36,1.16,1.00,3.06,0.98,1.63,3.91,1.04,0.59,3.36,1.16,0.91,3.10,1.01,1.51,3.92,1.13,-1,-1,-1,0.84,3.00,0.86,1.22,3.99,1.18,0.33,3.50,1.14,0.84,3.00,0.86,0.90,3.94,1.16,0.33,3.50,1.14,0.82,3.03,0.91,0.72,3.92,1.14,0.20,3.56,1.05,0.80,3.07,0.99,0.72,3.92,1.14,0.31,3.80,0.84,0.80,3.07,0.99,0.44,3.95,1.03,0.33,4.01,0.87,0.79,3.10,1.03,0.44,3.95,1.03,0.38,4.20,0.99,0.77,3.12,1.05,-1,-1,-1,0.44,4.39,1.01,0.77,3.14,1.10,0.58,4.07,1.10,0.44,4.39,1.01,0.79,3.15,1.12,0.62,4.24,1.15,0.49,4.72,0.97,0.94,3.21,1.07,0.70,4.44,1.08,0.57,4.96,0.93,0.92,3.22,1.09,0.74,4.61,1.02,0.57,4.96,0.93,0.88,3.13,1.04,0.79,4.74,0.91,-1,-1,-1,0.85,3.15,1.10,0.83,4.82,0.96,-1,-1,-1,0.83,3.08,1.04,0.88,4.89,0.86,0.69,5.13,0.97,0.83,3.08,1.04,0.91,4.96,0.81,0.69,5.13,0.97,0.81,3.12,1.06,0.92,5.03,0.78,0.80,5.35,0.90,0.79,3.14,1.05,0.95,5.15,0.65,0.88,5.55,0.92,0.80,3.14,1.02,0.90,5.38,0.71,0.95,5.71,0.94,0.92,3.13,0.86,0.93,5.55,0.74,0.99,5.85,0.95,0.85,3.10,0.86,0.90,5.71,0.80,0.99,5.85,0.95,0.79,3.06,0.76,0.93,5.84,0.87,1.06,6.16,1.05,0.79,3.04,0.76,0.96,5.97,0.85,1.12,6.18,1.06,1.07,3.11,0.62,1.00,6.02,0.91,1.12,6.18,1.06,1.31,3.17,0.60,1.04,6.05,0.96,1.09,6.19,0.89,1.17,3.13,0.64,1.05,6.08,0.99,1.15,6.16,0.95,1.03,3.09,0.62,1.04,6.14,0.91,1.15,6.15,0.95,0.96,3.07,0.51]

dribble2_12
[,0.91,6.48,0.73,-1,-1,-1,-1,-1,-1,0.91,6.49,0.77,-1,-1,-1,-1,-1,-1,0.92,6.48,0.74,-1,-1,-1,0.68,3.03,0.54,0.93,6.43,0.81,-1,-1,-1,0.68,3.03,0.54,0.99,6.40,0.85,-1,-1,-1,0.48,3.06,0.46,1.01,6.38,0.89,-1,-1,-1,0.53,3.10,0.59,1.04,6.35,0.87,0.94,6.67,1.22,0.55,3.13,0.74,1.04,6.35,0.87,1.01,6.81,1.41,0.56,3.14,0.85,1.03,6.36,0.88,1.08,6.64,1.10,0.56,3.15,0.89,1.02,6.44,0.78,1.10,6.53,0.88,0.57,3.15,0.90,1.02,6.51,0.72,1.13,6.43,0.84,0.58,3.15,0.93,1.03,6.59,0.72,1.14,6.34,0.84,0.59,3.16,0.95,1.03,6.59,0.72,1.16,6.27,0.75,0.59,3.16,0.95,1.04,6.95,0.96,1.17,6.30,0.90,0.59,3.18,0.98,1.04,7.20,1.15,1.19,6.34,0.98,0.59,3.20,0.98,1.02,7.34,1.28,1.18,6.39,1.05,0.63,3.23,1.00,1.02,7.34,1.28,1.09,6.43,1.13,0.61,3.29,1.04,1.06,7.04,1.19,1.10,6.41,1.03,0.55,3.31,0.94,1.06,6.76,1.16,1.20,6.33,0.99,0.61,3.37,0.93,1.03,6.52,1.16,1.28,6.29,1.01,0.83,3.47,0.99,1.03,6.52,1.16,1.28,6.29,1.01,0.86,3.55,1.05,-1,-1,-1,1.27,6.12,0.87,0.81,3.61,1.06,-1,-1,-1,1.27,6.12,0.87,0.60,3.73,1.24,-1,-1,-1,1.25,5.94,0.76,0.51,3.71,1.06,-1,-1,-1,0.77,5.77,0.77,0.43,3.70,0.91,1.02,6.36,1.01,0.77,5.77,0.77,0.33,3.69,0.87,1.01,6.33,1.05,-1,-1,-1,0.38,3.69,0.93,1.01,6.36,1.18,1.19,5.87,0.66,0.36,3.67,0.87,0.99,6.17,1.01,1.19,5.87,0.66,0.37,3.66,0.87,0.94,5.92,1.07,0.51,5.81,0.63,0.36,3.66,0.89,0.92,5.72,1.10,0.59,5.73,0.85,0.37,3.67,0.94,0.87,5.56,1.04,0.59,5.73,0.85,0.40,3.68,0.94,0.87,5.56,1.04,0.56,5.48,0.97,0.43,3.69,0.87,-1,-1,-1,0.56,5.48,0.97,0.09,3.70,0.91,0.87,5.43,1.05,0.65,5.34,0.95,0.09,3.70,0.91,0.87,5.33,1.02,0.65,5.34,0.95,-1,-1,-1,0.87,5.33,1.02,0.35,5.14,1.02,0.18,3.70,0.83,0.75,5.25,1.06,0.57,5.01,0.89,0.18,3.70,0.83,0.75,5.19,1.05,0.57,5.01,0.89,0.04,3.71,0.79,0.75,5.19,1.05,-1,-1,-1,0.04,3.71,0.79,-1,-1,-1,0.62,4.88,0.90,0.16,3.72,0.83,0.85,4.99,1.11,0.95,4.83,0.98,0.31,3.72,0.82,1.01,4.86,1.18,0.92,4.70,0.98,0.16,3.72,0.67,0.91,24478340002.82,1.07,0.92,4.70,0.98,0.35,3.72,0.72,1.00,4.69,1.15,1.04,4.58,0.88,0.45,3.72,0.75,1.00,4.69,1.15,1.10,4.49,1.03,0.48,3.72,0.72,0.92,4.62,1.05,1.10,4.49,1.03,0.28,3.71,0.61,0.86,4.56,0.96,-1,-1,-1,0.28,3.71,0.61,0.88,4.40,1.00,1.13,4.18,0.90,0.37,3.78,0.80,0.88,4.40,1.00,1.12,3.90,0.91,0.37,3.78,0.80,0.94,4.24,1.08,1.12,3.72,0.88,0.54,4.34,1.43,0.99,4.03,0.89,1.03,3.52,0.82,0.69,4.32,1.25,0.99,4.03,0.89,0.99,3.35,0.84,0.69,4.32,1.25,1.05,3.90,0.94,0.98,3.19,0.93,0.80,4.39,1.31,1.09,3.83,1.04,0.98,3.19,0.93,0.91,4.44,1.34,1.11,3.77,1.12,0.97,2.98,0.91,0.91,4.44,1.34,1.11,3.77,1.12,1.01,2.83,0.95,-1,-1,-1,1.09,3.60,1.07,1.08,2.69,0.92,1.01,4.33,1.35,1.08,3.39,1.08,1.08,2.69,0.92,1.01,4.33,1.35,1.08,3.39,1.08,-1,-1,-1,-1,-1,-1,1.12,3.08,1.03,1.01,2.58,0.92,-1,-1,-1,1.08,2.91,1.05,1.01,2.58,0.92,1.09,4.63,1.72]

dribble2_13
[,1.40,1.30,0.89,0.95,1.62,0.27,1.14,3.95,0.94,1.40,1.31,0.89,0.96,1.63,0.30,1.10,3.91,1.00,1.40,1.30,0.87,0.97,1.64,0.31,1.06,3.89,1.06,1.40,1.30,0.89,0.97,1.63,0.26,1.03,3.87,1.13,1.41,1.30,0.88,0.97,1.63,0.27,1.03,3.84,1.17,1.42,1.30,0.86,0.97,1.63,0.27,1.05,3.83,1.21,1.43,1.31,0.88,0.97,1.62,0.27,1.02,3.82,1.23,1.42,1.32,0.88,0.97,1.62,0.27,1.02,3.82,1.24,1.40,1.33,0.88,0.97,1.62,0.31,0.89,3.82,1.13,1.36,1.34,0.89,0.98,1.61,0.29,0.89,3.82,1.13,1.36,1.34,0.89,1.00,1.61,0.32,-1,-1,-1,-1,-1,-1,1.00,1.61,0.32,0.92,3.86,0.87,-1,-1,-1,-1,-1,-1,0.94,3.85,0.94,-1,-1,-1,-1,-1,-1,1.08,3.88,1.01,-1,-1,-1,1.00,1.63,0.30,1.03,3.86,1.05,-1,-1,-1,1.00,1.63,0.30,0.94,3.84,1.02,1.31,1.44,0.92,0.97,1.72,0.43,0.90,3.83,0.99,1.28,1.50,0.93,0.97,1.72,0.43,0.90,3.82,0.93,1.26,1.56,0.95,1.00,1.84,0.59,1.02,3.83,1.03,1.24,1.60,0.95,1.00,1.84,0.59,0.95,3.81,0.98,1.21,1.64,0.96,1.01,1.96,0.66,0.90,3.81,0.86,1.21,1.72,0.95,1.00,2.05,0.72,0.87,3.81,0.76,1.19,1.82,0.99,1.00,2.14,0.76,0.84,3.79,0.76,1.17,1.89,0.97,1.03,2.20,0.75,0.86,3.78,0.74,1.15,2.00,1.00,1.03,2.20,0.75,0.88,3.76,0.84,1.15,2.10,1.01,1.10,2.31,0.74,1.13,3.83,0.84,1.10,2.18,1.04,1.10,2.31,0.74,1.04,3.79,0.78,1.07,2.21,0.96,-1,-1,-1,0.98,3.74,0.77,1.07,2.21,0.96,-1,-1,-1,0.91,3.66,0.89,-1,-1,-1,1.20,2.46,0.79,0.87,3.59,0.92,1.19,2.35,0.90,1.20,2.46,0.79,0.73,3.48,0.99,1.26,2.54,0.99,-1,-1,-1,0.78,3.45,0.89,1.27,2.68,0.98,-1,-1,-1,0.78,3.45,0.89,1.23,2.79,0.96,-1,-1,-1,-1,-1,-1,1.23,2.79,0.96,1.35,2.71,0.91,0.84,3.38,0.99,-1,-1,-1,1.35,2.71,0.91,0.76,3.30,1.03,-1,-1,-1,-1,-1,-1,0.91,3.33,0.96,-1,-1,-1,1.40,3.06,0.86,0.86,3.27,0.96,-1,-1,-1,1.39,3.34,0.98,0.86,3.27,0.96,-1,-1,-1,1.52,3.61,0.78,-1,-1,-1,1.31,3.15,1.03,1.52,3.61,0.78,1.16,3.35,0.86,1.44,3.49,1.04,-1,-1,-1,1.06,3.31,0.86,1.44,3.49,1.04,1.38,3.85,0.83,0.92,3.24,0.93,1.56,3.75,1.00,1.36,4.04,0.93,0.88,3.19,0.94,1.66,3.95,0.95,1.36,4.04,0.93,0.80,3.08,0.91,1.53,4.12,1.06,-1,-1,-1,0.80,3.08,0.91,1.54,4.29,1.09,-1,-1,-1,-1,-1,-1,1.57,4.47,1.11,-1,-1,-1,0.77,2.93,0.85,1.62,4.69,1.12,-1,-1,-1,0.77,2.93,0.85,1.67,4.88,0.92,-1,-1,-1,-1,-1,-1,1.64,5.04,0.94,-1,-1,-1,-1,-1,-1,1.63,5.16,0.95,1.32,4.38,0.90,0.58,2.81,0.74]

dribble2_14
[,1.15,7.39,1.24,1.10,5.20,0.98,-1,-1,-1,1.01,7.52,1.37,1.12,5.18,1.02,-1,-1,-1,1.00,7.38,1.20,1.15,5.17,1.04,-1,-1,-1,1.02,7.21,1.06,1.13,5.18,1.03,-1,-1,-1,1.04,7.09,0.89,1.07,5.22,1.00,0.55,2.42,0.88,1.04,7.09,0.89,1.06,5.20,1.07,0.58,2.44,0.92,1.03,6.80,0.93,1.06,5.20,1.07,0.60,2.47,0.85,1.03,6.80,0.93,1.10,5.17,1.10,0.52,2.52,0.83,1.04,6.58,0.98,1.07,5.20,1.07,0.62,2.57,0.78,0.92,6.41,0.92,1.07,5.20,1.07,0.67,2.62,0.76,0.92,6.41,0.92,1.05,5.17,1.05,0.67,2.62,0.76,-1,-1,-1,1.11,5.24,0.98,0.66,2.64,0.59,-1,-1,-1,1.05,5.26,1.03,0.87,2.68,0.75,0.99,6.30,0.89,1.13,5.21,1.03,0.85,2.74,0.83,1.05,6.22,0.86,1.11,5.18,1.05,0.87,2.76,0.86,1.12,6.04,0.95,1.10,5.17,1.08,0.87,2.76,0.86,1.01,5.86,0.85,0.98,5.16,1.13,0.81,2.81,0.93,1.01,5.86,0.85,0.93,5.22,0.95,0.77,2.84,0.95,-1,-1,-1,0.93,5.22,0.95,0.72,2.89,0.97,-1,-1,-1,-1,-1,-1,0.69,2.96,0.97,1.09,6.04,1.17,-1,-1,-1,0.69,2.96,0.97,1.09,6.04,1.17,1.04,5.21,1.22,0.69,3.08,0.82,-1,-1,-1,1.04,5.08,1.20,0.78,3.22,0.68,0.97,5.86,1.09,1.03,4.98,1.23,0.61,3.30,0.56,0.94,5.88,1.24,1.03,4.98,1.23,0.69,3.36,0.53,0.94,5.88,1.24,1.02,4.90,1.23,0.69,3.36,0.53,-1,-1,-1,0.85,4.78,1.24,0.71,3.40,0.59,-1,-1,-1,0.73,4.67,1.28,0.71,3.44,0.65,1.00,5.52,1.28,0.73,4.67,1.28,0.68,3.50,0.77,-1,-1,-1,-1,-1,-1,0.64,3.52,0.83,-1,-1,-1,0.84,4.49,1.29,0.59,3.55,0.90,-1,-1,-1,0.84,4.49,1.29,0.58,3.60,0.95,-1,-1,-1,-1,-1,-1,0.56,3.63,0.99,-1,-1,-1,-1,-1,-1,0.56,3.63,0.99,-1,-1,-1,-1,-1,-1,0.62,3.68,1.08,-1,-1,-1,0.88,4.32,1.22,0.66,3.76,1.16,-1,-1,-1,0.78,4.25,1.32,0.71,3.81,1.18,-1,-1,-1,0.71,4.19,1.04,0.65,3.89,1.19,-1,-1,-1,0.57,4.12,0.87,0.56,4.01,1.14,-1,-1,-1,0.68,4.00,0.85,0.72,4.25,1.15,-1,-1,-1,0.68,4.00,0.85,0.67,4.40,1.19,-1,-1,-1,0.69,3.92,1.21,0.74,4.50,1.04,-1,-1,-1,0.73,3.79,1.06,0.75,4.58,0.96,-1,-1,-1,0.85,3.74,1.05,0.79,4.63,0.82,-1,-1,-1,0.85,3.74,1.05,0.82,4.62,0.97,-1,-1,-1,0.88,3.53,1.01,0.82,4.62,0.97,-1,-1,-1,0.88,3.53,1.01,0.82,4.64,1.07,-1,-1,-1,0.87,3.31,1.00,0.82,4.64,1.07,0.00,0.00,0.00,0.78,3.12,0.97,0.84,4.84,0.94,-1,-1,-1,0.78,3.12,0.97,0.84,4.84,0.94,0.82,3.03,1.21,0.82,2.94,0.89,-1,-1,-1,0.79,2.97,1.09,0.82,2.94,0.89,-1,-1,-1,0.77,2.94,1.06,-1,-1,-1,-1,-1,-1,0.74,2.94,1.04,-1,-1,-1,-1,-1,-1,0.75,2.91,0.99,-1,-1,-1,-1,-1,-1,0.74,2.88,0.93,-1,-1,-1,-1,-1,-1,0.74,2.88,0.93,-1,-1,-1,-1,-1,-1,-1,-1,-1,-1,-1,-1,-1,-1,-1,-1,-1,-1,-1,-1,-1,-1,-1,-1]

dribble2_15
[,0.79,1.33,0.90,0.59,2.35,1.07,1.10,4.35,1.05,-1,-1,-1,0.59,2.35,1.07,1.14,4.29,1.14,-1,-1,-1,0.59,2.35,1.06,1.08,4.26,1.21,-1,-1,-1,0.60,2.35,1.05,1.11,4.22,1.26,0.80,1.39,0.91,0.59,2.35,1.05,1.00,4.19,1.17,0.79,1.44,0.90,0.59,2.35,1.05,1.00,4.19,1.17,0.79,1.47,0.91,-1,-1,-1,-1,-1,-1,0.79,1.50,0.92,-1,-1,-1,-1,-1,-1,0.79,1.50,0.92,-1,-1,-1,-1,-1,-1,0.78,1.53,0.92,0.60,2.35,1.04,-1,-1,-1,0.76,1.52,0.85,0.60,2.35,1.05,1.05,4.16,1.24,0.74,1.58,0.87,0.61,2.35,1.05,1.06,4.34,1.45,0.74,1.66,0.87,0.61,2.35,1.05,1.08,4.29,1.43,0.74,1.66,0.87,-1,-1,-1,1.11,4.24,1.44,0.80,1.77,0.78,-1,-1,-1,1.09,4.22,1.33,0.83,1.88,0.81,-1,-1,-1,1.08,4.21,1.29,0.81,2.01,0.88,0.61,2.43,1.03,1.13,4.22,1.19,0.76,2.07,0.85,0.61,2.43,1.03,1.08,4.20,1.16,0.80,2.11,0.91,0.55,2.47,0.99,1.07,4.16,1.12,0.73,2.15,0.91,0.55,2.47,0.99,1.06,4.14,1.05,0.69,2.24,0.93,-1,-1,-1,1.09,4.13,1.01,0.69,2.24,0.93,-1,-1,-1,1.09,4.12,1.00,0.67,2.34,0.97,-1,-1,-1,-1,-1,-1,0.67,2.34,0.97,0.53,2.50,0.93,1.10,4.09,1.03,0.62,2.42,0.97,0.48,2.55,0.73,1.05,4.07,1.02,0.54,2.51,0.92,0.42,2.62,0.79,1.01,4.05,1.00,0.54,2.51,0.92,0.42,2.62,0.79,1.00,4.02,1.06,0.50,2.58,0.91,0.43,2.70,0.83,0.97,4.00,1.07,0.50,2.58,0.91,0.41,2.73,0.86,1.30,4.11,1.09,0.47,2.61,0.96,0.41,2.73,0.86,1.18,4.05,0.94,0.44,2.63,0.98,0.37,2.71,0.82,1.10,4.03,0.79,0.44,2.63,0.98,0.51,2.76,0.80,1.05,4.01,0.63,-1,-1,-1,0.57,2.80,0.74,0.95,3.98,0.69,-1,-1,-1,0.60,2.83,0.70,1.33,4.09,0.86,0.43,2.64,0.99,0.60,2.83,0.70,1.33,4.09,0.86,0.44,2.67,1.01,0.60,2.84,0.65,1.15,3.99,0.89,0.43,2.71,1.03,0.57,2.90,0.62,1.07,3.90,0.74,0.43,2.71,1.03,0.64,2.86,0.68,0.98,3.83,0.62,-1,-1,-1,0.64,2.86,0.68,0.94,3.78,0.63,-1,-1,-1,-1,-1,-1,0.94,3.78,0.63,-1,-1,-1,-1,-1,-1,0.88,3.71,0.64,-1,-1,-1,-1,-1,-1,0.88,3.71,0.64,0.48,2.58,1.00,-1,-1,-1,-1,-1,-1,0.48,2.58,1.00,-1,-1,-1,0.70,3.64,0.74,0.62,2.43,0.95,0.73,2.69,0.69,0.50,3.57,0.72,0.62,2.43,0.95,0.96,2.65,0.67,0.35,3.51,0.64,0.79,2.34,0.93,1.25,2.56,0.66,0.38,3.49,0.76,0.79,2.34,0.93,1.25,2.56,0.66,0.38,3.49,0.76,0.92,2.26,0.88,-1,-1,-1,0.52,3.40,0.81,1.00,2.31,0.94,1.33,2.61,0.78,0.57,3.29,0.90,1.16,2.31,0.87,1.41,2.67,0.84,0.57,3.17,0.95,1.33,2.38,0.79,1.49,2.73,0.86,0.61,3.07,1.00,1.44,2.54,0.88,1.48,2.84,0.85,0.66,2.97,1.01,1.55,2.64,0.88,1.48,2.84,0.85,0.70,2.90,1.03,1.62,2.71,0.78,1.54,2.94,0.94,0.70,2.90,1.03,1.62,2.71,0.78,1.53,3.12,1.03,-1,-1,-1,1.68,2.84,0.89,1.53,3.12,1.03,0.51,2.82,0.89,1.68,2.98,0.99,1.56,3.38,1.01,0.52,2.75,0.87,1.78,3.13,1.10,1.56,3.38,1.01,0.44,2.71,0.81,1.78,3.13,1.10,-1,-1,-1,0.48,2.67,0.80,-1,-1,-1,-1,-1,-1,0.51,2.67,0.85,-1,-1,-1,-1,-1,-1,0.52,2.67,0.87,1.72,3.46,1.05,-1,-1,-1,0.53,2.68,0.93,1.70,3.71,0.96,-1,-1,-1,0.53,2.68,0.95,1.67,3.90,0.97,-1,-1,-1,0.63,2.65,1.00,1.61,4.06,1.00,-1,-1,-1,0.70,2.64,1.02,1.48,4.19,1.05,-1,-1,-1,0.70,2.64,1.05,1.48,4.19,1.05,-1,-1,-1,0.79,2.63,1.06,1.57,4.56,1.10,-1,-1,-1,0.73,2.64,1.05,1.57,4.56,1.10,-1,-1,-1,0.57,2.59,0.95,1.47,4.91,1.10,-1,-1,-1,0.57,2.59,0.95]

dribble2_16
[,1.02,6.83,0.91,-1,-1,-1,0.78,2.47,0.76,0.93,6.89,0.80,-1,-1,-1,0.78,2.47,0.79,0.85,6.94,0.68,-1,-1,-1,0.78,2.47,0.79,0.85,6.94,0.68,-1,-1,-1,0.76,2.49,0.79,0.80,6.98,0.57,-1,-1,-1,0.77,2.54,0.85,0.75,7.01,0.50,-1,-1,-1,0.74,2.60,0.90,0.75,7.01,0.50,-1,-1,-1,0.77,2.71,0.96,0.73,7.03,0.47,-1,-1,-1,0.74,2.79,0.88,0.71,7.04,0.45,-1,-1,-1,0.74,2.79,0.88,0.69,7.06,0.43,-1,-1,-1,0.65,2.89,0.91,0.67,7.07,0.43,-1,-1,-1,0.65,2.89,0.91,0.65,7.06,0.48,-1,-1,-1,0.65,2.95,0.91,0.65,7.06,0.48,-1,-1,-1,0.58,3.00,0.98,0.66,7.06,0.50,-1,-1,-1,0.59,3.05,1.00,0.68,7.04,0.54,-1,-1,-1,0.63,3.09,1.02,0.68,7.04,0.54,-1,-1,-1,0.62,3.12,1.00,-1,-1,-1,-1,-1,-1,0.62,3.17,1.07,0.67,6.98,0.43,-1,-1,-1,0.62,3.17,1.07,0.67,6.86,0.47,-1,-1,-1,0.52,3.21,1.01,0.62,6.73,0.39,-1,-1,-1,0.54,3.29,0.98,0.62,6.73,0.39,-1,-1,-1,0.57,3.36,1.04,0.62,6.57,0.44,-1,-1,-1,0.63,3.41,1.05,0.58,6.74,0.84,-1,-1,-1,0.64,3.44,1.03,0.58,6.88,1.16,-1,-1,-1,0.64,3.44,1.03,0.60,6.74,1.06,-1,-1,-1,0.63,3.49,1.06,0.62,6.86,1.32,-1,-1,-1,0.62,3.53,1.05,0.68,6.93,1.56,-1,-1,-1,0.58,3.60,1.08,0.68,6.67,1.49,-1,-1,-1,0.58,3.60,1.08,0.66,6.47,1.44,-1,-1,-1,0.52,3.70,0.97,0.70,6.52,1.61,-1,-1,-1,0.73,3.87,0.85,0.74,6.66,1.81,-1,-1,-1,0.62,3.92,0.87,0.77,6.80,2.00,-1,-1,-1,0.59,3.96,0.90,0.77,6.80,2.00,-1,-1,-1,0.51,3.98,0.95,-1,-1,-1,-1,-1,-1,0.51,3.98,0.95,-1,-1,-1,-1,-1,-1,0.54,4.03,0.98,0.73,6.65,1.95,-1,-1,-1,0.51,4.07,0.82,0.73,6.65,1.95,-1,-1,-1,0.48,4.15,0.94,-1,-1,-1,-1,-1,-1,0.44,4.17,0.86,-1,-1,-1,-1,-1,-1,0.44,4.20,0.85,-1,-1,-1,-1,-1,-1,0.43,4.21,0.79,-1,-1,-1,-1,-1,-1,0.41,4.26,0.94,-1,-1,-1,-1,-1,-1,0.39,4.25,0.72,-1,-1,-1,-1,-1,-1,0.40,4.23,0.69,-1,-1,-1,-1,-1,-1,0.38,4.21,0.70,-1,-1,-1,-1,-1,-1,0.37,4.23,0.70,0.76,6.68,1.92,-1,-1,-1,0.37,4.27,0.66,0.76,6.68,1.92,-1,-1,-1,0.37,4.24,0.87,-1,-1,-1,-1,-1,-1,0.39,4.32,0.89,0.78,6.80,1.91,-1,-1,-1,0.40,4.40,0.93,0.88,6.97,1.88,-1,-1,-1,0.42,4.45,0.97,0.88,6.97,1.88,-1,-1,-1,0.46,4.51,1.00,0.91,6.82,1.54,-1,-1,-1,0.60,4.58,1.05,0.90,7.00,1.55,-1,-1,-1,0.61,4.69,0.97,0.90,7.00,1.55,-1,-1,-1,0.64,4.83,0.82,0.88,7.14,1.57,-1,-1,-1,0.64,4.83,0.82,0.88,7.14,1.57,-1,-1,-1,-1,-1,-1,0.86,7.24,1.59,-1,-1,-1,0.59,4.94,0.72,0.86,7.31,1.60,-1,-1,-1,0.58,5.03,0.76,0.86,7.31,1.60,-1,-1,-1,0.57,5.12,0.85,0.91,7.29,1.48,-1,-1,-1,0.58,5.18,0.85,0.86,7.37,1.50,-1,-1,-1,0.45,5.18,0.92,0.81,7.47,1.49,-1,-1,-1,0.45,5.18,0.92,0.83,7.50,1.39,-1,-1,-1,0.43,5.21,0.90,0.83,7.50,1.39,-1,-1,-1,0.43,5.21,0.84,-1,-1,-1,-1,-1,-1,0.46,5.26,0.88,-1,-1,-1,-1,-1,-1,0.46,5.30,0.96,-1,-1,-1,-1,-1,-1,0.45,5.31,0.80,0.82,7.54,1.34,-1,-1,-1,0.45,5.31,0.80,0.82,7.54,1.34,-1,-1,-1,-1,-1,-1,-1,-1,-1,-1,-1,-1,0.39,5.38,0.89,-1,-1,-1,-1,-1,-1,0.39,5.44,0.95,-1,-1,-1,-1,-1,-1,0.33,5.49,1.00,-1,-1,-1,-1,-1,-1,0.33,5.49,1.00,-1,-1,-1,-1,-1,-1,-1,-1,-1,-1,-1,-1,-1,-1,-1,-1,-1,-1,-1,-1,-1,-1,-1,-1,-1,-1,-1,-1,-1,-1,-1,-1,-1,0.23,5.50,1.04,-1,-1,-1,-1,-1,-1,0.43,5.59,0.98,0.56,7.12,1.14,-1,-1,-1,0.48,5.65,0.92,0.40,6.78,0.92,-1,-1,-1,0.50,5.69,0.89,0.30,6.56,0.97,-1,-1,-1,0.59,5.76,0.81,0.30,6.56,0.97,-1,-1,-1,0.72,5.81,0.81,0.22,6.53,1.22,-1,-1,-1,0.91,5.89,0.84,0.13,6.20,1.20,-1,-1,-1,0.94,5.92,0.83,0.13,5.88,1.09,-1,-1,-1,0.99,5.94,0.80,0.29,5.48,1.11,-1,-1,-1,1.02,5.95,0.82,0.25,5.11,1.12,-1,-1,-1,1.01,5.97,0.81,0.30,4.57,1.37,-1,-1,-1,1.01,5.97,0.81,0.33,4.38,1.30,-1,-1,-1,1.00,5.98,0.78,0.39,4.23,1.24,-1,-1,-1,0.86,5.90,0.83,0.44,4.08,1.24,-1,-1,-1,0.74,5.86,0.83,0.55,3.91,1.24,-1,-1,-1,0.73,5.90,0.78,0.55,3.91,1.24,-1,-1,-1,0.66,5.91,0.79,-1,-1,-1,-1,-1,-1,0.60,5.96,0.76,-1,-1,-1,0.00,0.00,0.00,0.60,5.96,0.76,-1,-1,-1,0.63,2.60,0.36,-1,-1,-1,-1,-1,-1,0.72,2.54,0.48,-1,-1,-1,0.70,3.57,1.16,0.81,2.45,0.63,-1,-1,-1]

dribble2_17
[,1.33,1.17,0.84,1.04,1.37,0.59,0.87,5.29,0.81,1.30,1.14,0.81,1.04,1.40,0.67,0.87,5.22,0.69,1.32,1.19,0.85,1.03,1.42,0.72,0.84,5.15,0.71,1.33,1.21,0.85,1.03,1.40,0.71,0.83,5.14,0.71,1.32,1.23,0.86,1.04,1.40,0.71,0.83,5.14,0.72,1.31,1.24,0.87,1.04,1.39,0.71,0.83,5.14,0.72,1.30,1.25,0.86,1.05,1.36,0.63,0.89,5.12,0.67,1.30,1.25,0.86,1.02,1.34,0.58,0.84,5.01,0.68,-1,-1,-1,1.05,1.33,0.62,0.79,4.90,0.73,1.24,1.31,0.86,1.07,1.34,0.64,0.82,4.78,0.81,1.24,1.39,0.89,1.05,1.44,0.64,0.91,4.64,0.93,1.24,1.39,0.89,1.02,1.52,0.66,0.91,4.64,0.93,-1,-1,-1,1.02,1.52,0.66,-1,-1,-1,1.19,1.44,0.70,-1,-1,-1,0.96,4.52,1.02,1.13,1.49,0.65,0.99,1.73,0.76,0.97,4.42,1.08,1.08,1.54,0.65,0.99,1.73,0.76,1.12,4.42,0.98,1.01,1.57,0.59,0.95,1.88,0.77,1.12,4.36,1.06,0.99,1.62,0.67,0.95,1.88,0.77,1.12,4.36,1.06,0.94,1.70,0.64,1.00,2.06,0.71,-1,-1,-1,0.96,1.81,0.72,0.90,2.08,0.87,-1,-1,-1,0.96,1.81,0.72,0.87,2.10,0.93,1.15,4.29,1.12,0.97,1.94,0.68,0.86,2.24,0.85,1.15,4.29,1.12,0.95,2.05,0.71,0.86,2.24,0.85,1.15,4.28,1.00,0.94,2.11,0.65,0.72,2.38,0.79,1.15,4.25,1.04,0.93,2.17,0.60,0.73,2.52,0.86,1.15,4.25,1.04,0.89,2.22,0.57,0.71,2.64,0.91,1.15,4.24,1.00,0.86,2.31,0.60,0.71,2.64,0.91,1.14,4.23,0.96,1.00,2.46,0.73,0.71,2.77,0.96,1.14,4.22,0.96,1.06,2.65,0.76,0.74,2.89,1.02,1.28,4.25,0.97,1.03,2.80,0.88,0.69,2.97,0.91,1.24,4.23,0.99,1.03,2.88,0.89,0.69,3.07,1.00,1.24,4.23,0.99,1.09,2.93,0.92,0.78,3.14,0.96,1.20,4.22,0.97,0.93,2.88,0.75,0.73,3.13,0.97,1.06,4.25,1.00,0.93,2.88,0.75,0.73,3.13,0.97,1.07,4.31,1.09,0.82,2.74,0.69,0.69,3.08,1.00,0.93,4.29,0.98,0.77,2.63,0.68,0.62,3.00,1.01,0.85,4.24,0.94,0.74,2.54,0.69,0.72,2.92,1.05,0.78,4.20,0.95,0.74,2.47,0.73,0.72,2.92,1.05,0.85,4.17,1.03,0.73,2.42,0.72,0.69,2.86,1.06,0.85,4.17,1.03,0.73,2.42,0.72,0.66,2.79,1.03,0.89,4.15,1.07,0.84,2.40,0.81,0.66,2.72,0.99,0.92,4.15,1.06,0.84,2.37,0.79,0.70,2.64,1.02,0.93,4.13,1.07,0.77,2.34,0.79,0.76,2.60,1.02,0.93,4.12,1.09,0.81,2.34,0.81,0.76,2.60,0.92,0.94,4.11,1.05,0.84,2.30,0.83,0.73,2.58,0.94,0.92,4.09,1.03,0.84,2.30,0.83,0.73,2.58,0.97,0.81,4.03,1.08,0.85,2.19,0.85,0.81,2.60,0.97,0.82,3.97,1.07,0.83,2.07,0.78,0.85,2.59,1.01,0.69,3.86,1.05,0.79,2.01,0.78,0.87,2.59,1.01,0.69,3.86,1.05,0.75,1.99,0.75,0.89,2.61,1.05,0.82,3.81,1.02,0.78,2.02,0.76,0.93,2.63,0.98,0.72,3.74,0.96,0.82,2.12,0.84,0.94,2.66,1.00,0.98,3.75,0.96,0.86,2.18,0.87,0.90,2.65,0.95,0.94,3.74,1.05,0.91,2.18,0.86,0.86,2.62,0.99,0.92,3.70,0.99,0.91,2.11,0.84,0.86,2.62,0.99,1.02,3.70,0.90,0.91,2.11,0.84,-1,-1,-1,1.08,3.68,0.84,0.94,1.96,0.84,0.82,2.34,1.09,1.03,3.64,0.92,0.94,1.96,0.84,0.83,2.14,1.13,1.08,3.58,0.91,0.92,1.83,0.82,0.77,1.96,1.17,1.11,3.49,0.84,0.92,1.83,0.82,0.80,1.96,1.10,1.11,3.49,0.84,0.91,1.77,0.83,0.78,1.93,1.07,-1,-1,-1,0.91,1.77,0.83,0.78,1.93,1.07,1.02,3.32,0.90,-1,-1,-1,-1,-1,-1,1.02,3.32,0.90,0.86,1.65,0.85,0.78,1.92,1.03,1.04,3.25,0.92,0.88,1.70,0.75,0.80,1.95,0.98,1.04,3.25,0.92,0.86,1.75,0.61,0.80,1.92,0.98,-1,-1,-1,0.92,1.24,0.85,0.84,2.00,0.95,-1,-1,-1,0.92,1.24,0.85,0.96,2.08,0.98,-1,-1,-1,-1,-1,-1,-1,-1,-1,-1,-1,-1,-1,-1,-1,-1,-1,-1,1.04,3.20,0.97,1.11,1.52,0.87,-1,-1,-1,1.07,3.18,0.90,1.11,1.52,0.87,-1,-1,-1,1.07,3.18,0.90,1.27,1.81,0.91,-1,-1,-1,1.10,3.16,0.87,1.39,2.01,0.91,-1,-1,-1,1.05,3.15,0.96,1.50,2.18,0.92,-1,-1,-1,0.97,3.10,0.96,1.55,2.31,0.86,-1,-1,-1,0.90,3.07,1.01,1.61,2.48,0.78,-1,-1,-1,0.86,3.07,1.07,1.61,2.48,0.78,-1,-1,-1,0.85,3.06,1.07,-1,-1,-1,-1,-1,-1,0.91,3.06,1.10,1.58,2.89,0.92,-1,-1,-1,0.90,3.03,1.13,1.53,3.20,1.05,-1,-1,-1,0.90,3.03,1.13,1.53,3.20,1.05,-1,-1,-1,-1,-1,-1,1.64,3.43,1.07,-1,-1,-1,0.90,2.98,1.13,1.69,3.63,1.08,-1,-1,-1,0.90,2.98,1.13,1.69,3.63,1.08,-1,-1,-1,-1,-1,-1,1.60,3.90,1.10,-1,-1,-1,0.72,2.96,1.12,1.54,4.14,1.12,-1,-1,-1,0.67,2.91,1.05,1.52,4.34,1.13,-1,-1,-1,0.66,2.88,1.02,1.53,4.50,1.09,-1,-1,-1,0.67,2.85,0.96,1.54,4.80,1.27,-1,-1,-1,0.67,2.82,0.91,1.54,4.87,1.17,-1,-1,-1,0.56,2.76,0.87,1.49,4.91,1.20,-1,-1,-1,0.57,2.73,0.79,1.27,5.02,0.96,-1,-1,-1,0.57,2.73,0.79,1.27,5.02,0.96,-1,-1,-1,-1,-1,-1,-1,-1,-1,-1,-1,-1,0.48,2.74,0.70,-1,-1,-1,-1,-1,-1,0.69,2.72,0.76,1.16,5.63,1.22,-1,-1,-1,0.78,2.67,0.75,1.11,6.12,1.40,-1,-1,-1,0.78,2.67,0.75,1.02,6.52,1.58,-1,-1,-1,0.79,2.60,0.67,0.98,6.41,1.39,-1,-1,-1,0.79,2.60,0.67]

dribble2_18
[,1.06,7.55,1.57,-1,-1,-1,0.17,3.24,0.61,0.99,7.63,1.54,-1,-1,-1,0.25,3.28,0.76,0.94,7.64,1.48,-1,-1,-1,0.41,3.28,0.83,0.94,7.64,1.48,-1,-1,-1,0.41,3.28,0.83,1.01,7.64,1.54,-1,-1,-1,0.46,3.29,0.81,1.01,7.64,1.54,-1,-1,-1,0.46,3.30,0.87,0.99,7.63,1.53,-1,-1,-1,0.50,3.29,0.82,0.99,7.63,1.53,-1,-1,-1,0.54,3.28,0.76,1.03,7.59,1.56,-1,-1,-1,0.57,3.28,0.79,1.07,7.56,1.58,-1,-1,-1,0.59,3.29,0.84,0.99,7.59,1.52,-1,-1,-1,0.57,3.32,0.89,0.99,7.57,1.51,-1,-1,-1,0.57,3.32,0.89,0.96,7.61,1.54,-1,-1,-1,0.60,3.37,0.92,0.98,7.38,1.31,-1,-1,-1,0.63,3.43,0.90,0.97,7.43,1.34,-1,-1,-1,0.70,3.49,0.96,0.89,7.35,1.34,-1,-1,-1,0.74,3.51,0.92,0.89,7.35,1.34,-1,-1,-1,0.74,3.54,0.90,-1,-1,-1,-1,-1,-1,0.75,3.56,0.90,0.88,7.42,1.50,-1,-1,-1,0.73,3.59,0.89,0.89,7.46,1.68,-1,-1,-1,0.73,3.61,0.91,0.98,7.17,1.54,-1,-1,-1,0.73,3.61,0.91,0.95,6.98,1.33,-1,-1,-1,-1,-1,-1,0.96,6.82,1.19,-1,-1,-1,0.75,3.70,0.86,0.96,6.82,1.19,-1,-1,-1,0.76,3.78,0.87,1.00,6.54,1.14,-1,-1,-1,0.78,3.85,0.94,1.05,6.31,1.03,-1,-1,-1,0.81,3.89,0.97,1.15,6.26,1.15,-1,-1,-1,0.83,3.92,0.97,1.18,6.22,1.25,-1,-1,-1,0.86,3.96,0.92,1.20,6.20,1.31,-1,-1,-1,0.85,3.98,0.85,1.17,6.17,1.34,-1,-1,-1,1.02,3.99,0.98,1.17,6.17,1.34,0.00,0.00,0.00,0.96,3.97,0.97,1.09,5.86,1.34,0.62,4.73,1.17,0.92,3.81,0.97,1.09,5.60,1.34,0.66,4.75,1.07,0.89,3.77,1.07,1.04,5.69,1.58,-1,-1,-1,0.86,3.71,1.05,1.04,5.49,1.45,0.18,4.65,1.10,0.85,3.69,1.10,1.04,5.49,1.45,0.45,4.70,1.01,0.82,3.64,0.96,0.98,5.77,1.78,0.45,4.70,1.01,0.81,3.64,0.97,1.02,6.02,2.06,-1,-1,-1,0.81,3.57,1.06,1.07,6.21,2.27,0.55,4.67,1.09,0.77,3.62,1.04,1.09,6.36,2.44,0.55,4.67,1.09,0.81,3.65,1.05,1.10,6.06,1.88,0.64,4.67,1.12,0.78,3.65,1.02,1.10,6.06,1.88,0.64,4.67,1.12,0.73,3.63,1.03,-1,-1,-1,0.74,4.74,1.12,0.73,3.57,0.85,-1,-1,-1,0.83,4.79,1.13,0.74,3.48,0.80,1.13,6.06,1.83,0.83,4.79,1.13,0.74,3.43,0.66,1.13,6.06,1.83,0.86,4.83,1.18,0.75,3.38,0.68,-1,-1,-1,0.86,4.83,1.18,0.76,3.18,1.02,-1,-1,-1,0.67,4.87,1.08,0.77,3.17,1.02,-1,-1,-1,0.68,4.90,1.11,0.78,3.16,1.05,-1,-1,-1,0.72,4.94,1.15,0.78,3.16,1.05,-1,-1,-1,0.72,4.94,1.15,0.81,3.21,0.87,-1,-1,-1,0.93,5.04,1.14,0.80,3.28,0.88,-1,-1,-1,0.93,5.04,1.14,0.79,3.35,0.89,-1,-1,-1,-1,-1,-1,0.73,3.47,0.94,-1,-1,-1,-1,-1,-1,0.73,3.62,1.02,-1,-1,-1,-1,-1,-1,0.74,3.77,1.02,-1,-1,-1,-1,-1,-1,0.73,3.87,1.03,-1,-1,-1,-1,-1,-1,0.73,3.87,1.03,-1,-1,-1,0.78,5.46,1.62,0.73,3.93,0.97,-1,-1,-1,0.72,5.54,1.69,0.72,3.94,0.99,-1,-1,-1,0.72,5.54,1.69,0.71,4.02,1.02,-1,-1,-1,0.74,5.36,1.56,0.70,4.10,1.01,-1,-1,-1,-1,-1,-1,0.72,4.20,0.98,-1,-1,-1,-1,-1,-1,0.72,4.20,0.98,-1,-1,-1,0.69,5.23,1.47,-1,-1,-1,0.94,5.83,1.71,0.69,5.23,1.47,0.77,4.30,0.98,0.81,5.55,1.44,0.62,4.94,1.34,0.80,4.38,1.00,0.25,5.30,1.41,0.59,4.73,1.34,0.85,4.44,0.99,0.33,5.31,1.60,0.59,4.73,1.34,0.85,4.44,0.99,0.37,5.11,1.51,0.55,4.47,1.34,0.85,4.50,0.97,0.41,4.93,1.33,0.57,4.22,1.15,0.86,4.54,1.01,0.40,4.71,1.19,0.57,4.10,1.15,0.87,4.56,0.91,0.30,4.40,1.14,0.65,3.98,1.16,0.85,4.58,0.89,0.28,4.13,1.11,0.65,3.98,1.16,0.82,4.61,0.85,0.27,3.92,1.02,0.68,3.75,1.06,0.77,4.64,0.69,0.24,3.75,0.97,0.68,3.75,1.06,0.64,4.68,0.84,0.23,3.63,0.95,0.72,3.51,1.01,0.69,4.79,0.71,0.18,3.52,1.00,0.72,3.51,1.01,0.69,4.79,0.71,0.14,3.40,1.04,0.68,3.39,1.03,1.05,4.99,0.85,0.18,3.23,1.04,0.68,3.39,1.03,1.04,5.04,0.74,0.18,3.23,1.04,0.87,3.22,0.97,1.01,5.04,0.85,0.25,2.99,1.03,0.87,3.22,0.97,0.99,5.13,0.94,0.29,2.78,0.98,-1,-1,-1,0.92,5.13,0.80,0.29,2.78,0.98,-1,-1,-1,0.88,5.11,0.75,0.33,2.65,0.97,-1,-1,-1,0.81,5.10,0.72,0.35,2.54,0.96,-1,-1,-1,0.73,5.11,0.75,0.35,2.47,0.98,0.85,2.91,0.89,0.70,5.09,0.75,0.35,2.47,0.98,0.88,2.68,0.92,0.73,5.05,0.88]

dribble2_19
[,-1,-1,-1,1.00,2.09,0.95,0.82,5.07,0.89,-1,-1,-1,-1,-1,-1,0.82,5.01,0.88,-1,-1,-1,1.03,1.97,0.96,0.84,4.97,0.79,0.74,1.03,0.74,1.03,1.97,0.96,0.86,4.94,0.73,0.83,0.87,0.70,-1,-1,-1,0.87,4.90,0.76,0.83,0.87,0.70,-1,-1,-1,0.87,4.88,0.74,-1,-1,-1,-1,-1,-1,0.87,4.88,0.74,-1,-1,-1,-1,-1,-1,0.88,4.84,0.80,0.89,0.50,0.69,-1,-1,-1,0.92,4.84,0.69,0.89,0.50,0.69,-1,-1,-1,0.92,4.84,0.69,0.93,0.52,0.67,-1,-1,-1,0.89,4.74,0.74,0.96,0.58,0.69,1.07,1.88,0.96,0.88,4.62,0.75,0.97,0.62,0.71,1.07,1.88,0.96,0.82,4.48,0.78,1.00,0.65,0.70,-1,-1,-1,0.82,4.48,0.78,1.03,0.69,0.72,1.09,1.81,0.97,0.84,4.31,0.91,1.07,0.79,0.75,1.09,1.81,0.97,0.88,4.22,0.79,1.07,0.79,0.75,-1,-1,-1,0.88,4.22,0.79,-1,-1,-1,-1,-1,-1,0.82,4.11,0.86,1.03,0.89,0.73,-1,-1,-1,0.88,4.07,0.82,1.05,1.04,0.68,1.09,1.84,0.97,0.88,4.03,0.77,1.01,1.19,0.66,1.06,1.87,0.96,0.88,4.03,0.77,1.01,1.19,0.66,0.94,1.81,1.03,-1,-1,-1,1.04,1.30,0.73,0.84,1.83,1.05,0.93,3.93,0.78,1.04,1.10,0.84,0.84,1.83,1.05,0.93,3.93,0.78,1.02,1.24,0.87,0.82,1.89,0.92,-1,-1,-1,0.98,1.39,0.88,0.84,1.94,0.75,0.95,3.84,0.86,0.91,1.47,0.68,0.84,1.97,0.66,0.74,3.73,0.80,0.80,1.65,0.73,0.84,1.97,0.66,0.92,3.70,0.77,0.80,1.82,0.79,0.88,2.07,0.71,0.92,24929702818.83,0.77,0.77,1.96,0.82,0.90,2.14,0.78,0.85,3.61,0.88,0.74,2.06,0.80,0.89,2.21,0.86,0.85,3.61,0.88,0.74,2.06,0.80,0.87,2.28,0.91,1.09,3.60,0.90,0.68,2.22,0.67,0.87,2.28,0.91,1.08,3.52,0.91,0.65,2.32,0.62,0.78,2.40,0.93,1.09,3.47,0.91,0.66,2.38,0.61,0.62,2.49,0.91,1.06,3.42,0.96,0.68,2.46,0.74,0.62,2.49,0.91,1.00,3.36,1.00,0.68,2.46,0.74,-1,-1,-1,1.00,3.35,0.95,0.62,2.44,0.79,-1,-1,-1,1.03,3.34,0.93,0.62,2.44,0.79,0.53,2.42,0.94,1.01,3.32,0.96,-1,-1,-1,0.53,2.42,0.94,1.00,3.31,0.94,0.57,2.40,0.86,-1,-1,-1,0.98,3.47,1.29,0.50,2.28,0.86,0.55,2.31,0.75,1.40,3.55,1.29,0.50,2.28,0.86,0.55,2.31,0.75,1.30,3.49,1.19,-1,-1,-1,-1,-1,-1,1.35,3.48,1.07,-1,-1,-1,0.58,2.24,0.75,1.24,3.44,1.06,-1,-1,-1,0.65,2.26,0.81,1.19,3.40,0.95,-1,-1,-1,0.67,2.29,0.87,1.19,3.38,0.91,0.52,2.22,0.88,0.75,2.33,0.92,1.02,3.30,0.98,0.52,2.22,0.88,0.80,2.38,0.93,1.05,3.24,0.90,0.54,2.17,0.90,0.71,2.39,0.89,1.00,3.16,0.93,0.61,2.19,0.84,0.78,2.39,0.82,1.00,3.16,0.93,0.75,2.28,0.87,0.80,2.38,0.90,0.91,3.10,0.95,0.88,2.38,0.89,0.87,2.53,0.95,0.87,3.06,0.99,0.88,2.38,0.89,0.92,2.71,1.01,0.87,3.03,1.01,1.02,2.48,0.82,0.98,2.91,1.05,0.87,3.03,1.01,1.10,2.57,0.80,1.02,3.09,1.03,0.78,3.02,1.01,1.15,2.63,0.71,1.02,3.09,1.03,0.78,3.02,1.01,1.24,2.74,0.79,-1,-1,-1,0.78,3.04,1.04,1.27,2.90,0.84,-1,-1,-1,0.78,3.04,1.04,1.27,2.90,0.84,1.07,3.35,1.10,0.76,3.05,0.97,-1,-1,-1,0.91,3.66,1.18,0.72,3.04,0.84,1.42,3.25,0.74,0.72,3.77,1.08,0.72,3.04,0.84,1.42,3.25,0.74,0.83,3.91,1.12,-1,-1,-1,1.57,3.48,0.76,0.83,3.91,1.12,-1,-1,-1,1.53,3.69,0.93,0.83,4.09,1.11,0.74,3.02,0.82,1.53,3.69,0.93,0.97,4.33,1.05,0.74,3.02,0.82,-1,-1,-1,1.02,4.53,1.11,-1,-1,-1,-1,-1,-1,1.11,4.80,1.10,-1,-1,-1,1.70,4.10,0.89,1.11,4.80,1.10,-1,-1,-1,1.76,4.43,0.94,-1,-1,-1,-1,-1,-1,1.78,4.67,1.00,-1,-1,-1,-1,-1,-1,2.01,4.85,0.98,-1,-1,-1,-1,-1,-1,2.14,4.98,0.98,-1,-1,-1,0.72,3.01,0.76,2.17,5.10,0.95,-1,-1,-1,0.72,3.01,0.76,2.17,5.10,0.95,-1,-1,-1,-1,-1,-1,2.06,5.29,0.85,-1,-1,-1,-1,-1,-1,1.96,5.51,0.73,-1,-1,-1,-1,-1,-1,1.93,5.91,0.95,-1,-1,-1,-1,-1,-1,1.93,5.91,0.95,-1,-1,-1,-1,-1,-1]

