inaccuratep_0
[,-1,-1,-1,-1,-1,-1,-1,-1,-1,-1,-1,-1,-1,-1,-1,-1,-1,-1,-1,-1,-1,-1,-1,-1,0.94,2.41,0.76,-1,-1,-1,-1,-1,-1,0.94,2.41,0.76,-1,-1,-1,-1,-1,-1,-1,-1,-1,-1,-1,-1,-1,-1,-1,-1,-1,-1,-1,-1,-1,-1,-1,-1,-1,-1,-1,-1,-1,-1,-1,-1,-1,-1,-1,-1,-1,-1,-1,-1,-1,-1,-1,-1,-1,-1,-1,-1,-1,-1,-1,-1,-1,-1,-1,-1,-1,-1,-1,-1,-1,-1,-1,-1,-1,-1,-1,-1,-1,-1,-1,-1,-1,-1,-1,-1,-1,-1,-1,-1,-1,-1,-1,-1,-1,-1,-1,-1,-1,-1,0.79,7.03,0.53,-1,-1,-1,-1,-1,-1,0.79,7.03,0.53,-1,-1,-1,-1,-1,-1,-1,-1,-1,-1,-1,-1,-1,-1,-1,-1,-1,-1,-1,-1,-1,-1,-1,-1,-1,-1,-1,0.50,7.07,1.54,-1,-1,-1,-1,-1,-1,0.50,7.07,1.54,-1,-1,-1,-1,-1,-1,-1,-1,-1,-1,-1,-1,-1,-1,-1,0.65,6.69,1.43,-1,-1,-1,-1,-1,-1,0.69,6.30,1.32,-1,-1,-1,-1,-1,-1,0.69,6.30,1.32,-1,-1,-1,-1,-1,-1,0.74,5.99,1.07,-1,-1,-1,0.76,7.02,0.51,0.70,5.70,1.07,-1,-1,-1,0.76,7.02,0.51,0.71,5.43,1.07,-1,-1,-1,0.73,7.02,0.49,0.69,5.18,1.07,-1,-1,-1,0.73,7.02,0.49,0.69,5.18,1.07,-1,-1,-1,-1,-1,-1,-1,-1,-1,-1,-1,-1,-1,-1,-1,0.77,4.93,1.17,-1,-1,-1,-1,-1,-1,0.77,4.93,1.17,-1,-1,-1,-1,-1,-1,0.57,4.73,1.13,-1,-1,-1,-1,-1,-1,0.73,4.63,1.02,-1,-1,-1,-1,-1,-1,0.73,4.63,1.02,-1,-1,-1,0.72,7.05,0.51,0.58,4.45,1.10,-1,-1,-1,0.72,7.05,0.51,0.58,4.45,1.10,-1,-1,-1,0.71,7.04,0.44,-1,-1,-1,-1,-1,-1,0.71,7.05,0.42,-1,-1,-1,-1,-1,-1,0.71,7.05,0.42,0.64,4.37,1.13,-1,-1,-1,-1,-1,-1,0.70,4.32,1.08,-1,-1,-1]

inaccuratep_1
[,-1,-1,-1,0.73,4.22,0.90,0.39,2.90,0.86,-1,-1,-1,0.69,4.25,0.91,0.39,2.90,0.86,-1,-1,-1,0.39,4.40,1.03,-1,-1,-1,-1,-1,-1,0.39,4.40,1.03,-1,-1,-1,-1,-1,-1,0.49,4.37,0.89,0.36,3.13,0.99,-1,-1,-1,0.58,4.36,0.80,0.36,3.13,0.99,0.72,7.21,0.77,0.63,4.29,0.90,-1,-1,-1,0.72,7.21,0.77,0.68,4.24,1.00,-1,-1,-1,0.74,7.19,0.83,0.67,4.23,0.79,-1,-1,-1,0.74,7.19,0.83,0.67,4.21,0.78,-1,-1,-1,-1,-1,-1,0.74,4.18,0.90,-1,-1,-1,-1,-1,-1,0.70,4.21,0.75,0.41,3.34,1.03,-1,-1,-1,0.70,4.21,0.75,0.41,3.34,1.03,-1,-1,-1,0.76,4.24,0.67,-1,-1,-1,-1,-1,-1,0.76,4.24,0.67,-1,-1,-1,-1,-1,-1,0.89,4.29,0.74,-1,-1,-1,-1,-1,-1,0.86,4.31,0.91,-1,-1,-1,-1,-1,-1,0.76,4.34,0.93,-1,-1,-1,0.71,7.20,0.91,0.75,4.38,0.96,-1,-1,-1,0.71,7.20,0.91,0.75,4.38,0.96,-1,-1,-1,-1,-1,-1,-1,-1,-1,-1,-1,-1,-1,-1,-1,0.77,4.42,0.87,-1,-1,-1,-1,-1,-1,0.77,4.42,0.87,0.39,3.26,0.96,-1,-1,-1,-1,-1,-1,0.39,3.26,0.96,-1,-1,-1,-1,-1,-1,-1,-1,-1,-1,-1,-1,-1,-1,-1,-1,-1,-1,-1,-1,-1,-1,-1,-1,0.34,3.11,0.83,-1,-1,-1,-1,-1,-1,0.29,3.04,0.91,-1,-1,-1,-1,-1,-1,0.29,3.04,0.91,-1,-1,-1,-1,-1,-1,0.23,2.96,0.97,-1,-1,-1,-1,-1,-1,0.23,2.96,0.97,-1,-1,-1,-1,-1,-1,0.20,2.91,1.01,-1,-1,-1,-1,-1,-1,0.20,2.91,1.01,-1,-1,-1,-1,-1,-1,0.16,2.84,0.98,-1,-1,-1,-1,-1,-1,0.16,2.84,0.98,-1,-1,-1,-1,-1,-1,0.25,2.86,0.86,-1,-1,-1,-1,-1,-1,0.18,2.85,0.90,-1,-1,-1,-1,-1,-1,0.18,2.85,0.90,-1,-1,-1,-1,-1,-1,-1,-1,-1,-1,-1,-1,-1,-1,-1,-1,-1,-1,-1,-1,-1,-1,-1,-1,0.32,2.92,1.08,-1,-1,-1,-1,-1,-1,0.32,2.92,1.08]

inaccuratep_2
[,0.95,5.95,0.92,-1,-1,-1,-1,-1,-1,0.98,5.89,0.98,-1,-1,-1,-1,-1,-1,1.06,5.86,1.03,-1,-1,-1,0.57,2.86,0.82,0.84,5.81,0.87,-1,-1,-1,0.57,2.86,0.82,0.84,5.81,0.87,-1,-1,-1,-1,-1,-1,0.90,5.85,0.86,-1,-1,-1,-1,-1,-1,0.91,6.23,1.10,-1,-1,-1,-1,-1,-1,0.93,6.27,1.00,-1,-1,-1,-1,-1,-1,0.93,6.27,1.00,-1,-1,-1,0.70,3.21,0.80,-1,-1,-1,-1,-1,-1,0.91,3.55,0.94,-1,-1,-1,-1,-1,-1,0.92,3.82,0.90,-1,-1,-1,-1,-1,-1,0.95,4.05,0.85,0.93,6.34,1.01,-1,-1,-1,0.97,4.22,0.76,0.96,6.29,1.01,0.79,4.55,0.99,0.97,4.22,0.76,0.96,6.29,1.01,0.79,4.55,0.99,1.00,4.34,0.74,0.89,6.25,0.95,-1,-1,-1,1.00,4.34,0.74,0.80,6.30,0.90,-1,-1,-1,1.21,4.48,0.60,0.80,6.30,0.90,-1,-1,-1,1.37,4.60,0.58,-1,-1,-1,-1,-1,-1,1.37,4.60,0.58,0.74,6.32,0.90,-1,-1,-1,1.27,4.61,0.60,0.73,6.33,0.92,-1,-1,-1,1.27,4.61,0.60,0.73,6.35,0.96,-1,-1,-1,-1,-1,-1,0.73,6.35,1.03,-1,-1,-1,-1,-1,-1,0.73,6.35,1.06,-1,-1,-1,1.19,4.62,0.78,0.73,6.35,1.06,0.36,4.61,0.90,1.25,4.57,0.94,-1,-1,-1,0.36,4.61,0.90,1.25,4.57,0.94,0.69,6.36,1.05,0.57,4.53,1.03,-1,-1,-1,0.68,6.38,1.06,0.51,4.38,0.86,-1,-1,-1,0.65,6.39,1.04,0.54,4.27,0.85,1.15,4.38,0.91,0.62,6.40,1.03,0.54,4.27,0.85,1.15,4.38,0.91,0.62,6.40,1.03,-1,-1,-1,1.20,4.32,0.99,0.61,6.39,0.99,-1,-1,-1,1.33,4.35,1.09,0.61,6.57,1.20,0.47,4.02,0.90,1.36,4.42,1.14,0.59,6.53,1.13,0.32,3.79,0.86,1.26,4.51,1.01,0.57,6.49,1.07,0.30,3.61,0.95,1.33,4.67,0.95,0.57,6.47,1.03,0.32,3.43,0.97,1.39,4.79,0.89,0.57,6.45,1.01,0.39,3.30,1.01,1.45,4.89,0.91,0.57,6.45,1.01,0.42,3.20,0.89,1.45,4.89,0.91,-1,-1,-1,0.33,3.05,0.90,-1,-1,-1,-1,-1,-1,0.27,2.91,0.83,1.32,4.90,0.75,-1,-1,-1,0.22,2.83,0.89,1.37,4.98,0.73,-1,-1,-1,0.22,2.83,0.89,1.37,4.98,0.73,0.57,6.45,1.01,-1,-1,-1,-1,-1,-1,0.57,6.45,1.01,-1,-1,-1,-1,-1,-1,-1,-1,-1,-1,-1,-1,-1,-1,-1,0.56,6.41,0.93,-1,-1,-1,-1,-1,-1,0.56,6.41,0.93,-1,-1,-1,1.27,4.97,0.63,0.56,6.40,0.91,-1,-1,-1,1.27,4.97,0.63,0.56,6.40,0.95,-1,-1,-1,1.41,5.02,0.56,0.57,6.42,0.98,0.17,2.77,0.94,1.28,5.01,0.51]

inaccuratep_3
[,0.58,6.42,1.05,0.08,2.59,1.05,1.21,4.21,0.89,0.58,6.42,1.05,0.09,2.60,1.04,-1,-1,-1,0.57,6.42,1.01,0.10,2.61,1.04,-1,-1,-1,0.58,6.39,0.96,0.09,2.61,1.07,-1,-1,-1,0.57,6.41,1.01,0.09,2.61,1.07,1.12,3.81,0.90,0.56,6.42,1.00,0.09,2.60,1.07,1.04,3.47,0.79,0.58,6.41,1.01,0.09,2.61,1.08,1.01,3.28,0.86,0.58,6.41,1.02,0.09,2.61,1.09,0.97,3.12,0.87,0.58,6.34,0.90,0.11,2.62,1.08,0.89,2.97,0.90,0.58,6.34,0.90,0.10,2.62,1.09,0.81,2.81,0.93,0.58,6.33,0.86,0.10,2.61,1.08,0.71,2.63,0.89,0.58,6.33,0.86,0.10,2.61,1.08,0.66,2.48,0.90,0.60,6.33,0.88,-1,-1,-1,0.57,2.35,0.90,0.60,6.32,0.86,0.09,2.60,1.08,0.57,2.35,0.90,0.60,6.32,0.86,0.09,2.60,1.04,-1,-1,-1,-1,-1,-1,0.11,2.61,0.99,-1,-1,-1,0.60,6.33,0.90,0.11,2.61,0.99,-1,-1,-1,0.60,6.34,0.90,0.10,2.61,1.01,-1,-1,-1,0.60,6.34,0.92,0.09,2.61,1.03,0.51,2.22,0.82,0.60,6.34,0.92,0.09,2.61,1.03,0.51,2.22,0.82,0.62,6.34,0.94,-1,-1,-1,-1,-1,-1,0.62,6.35,0.96,-1,-1,-1,0.50,2.31,0.66,0.62,6.36,0.97,0.10,2.61,1.06,0.43,2.38,0.77,0.63,6.37,0.99,0.09,2.56,0.88,0.34,2.44,0.86,0.64,6.37,0.98,0.08,2.56,0.92,0.27,2.39,0.68,0.64,6.37,0.98,-0.03,2.48,0.88,0.19,2.42,0.75,0.65,6.37,1.02,0.03,2.43,0.86,0.19,2.42,0.75,0.69,6.37,1.05,0.03,2.43,0.86,-1,-1,-1,0.67,6.38,1.01,-1,-1,-1,-1,-1,-1,0.64,6.40,1.01,0.18,2.59,0.90,-1,-1,-1]

inaccuratep_4
[,-1,-1,-1,-1,-1,-1,-1,-1,-1,-1,-1,-1,-1,-1,-1,-1,-1,-1,-1,-1,-1,-1,-1,-1,-1,-1,-1,-1,-1,-1,1.33,3.87,1.24,-1,-1,-1,-1,-1,-1,1.33,3.87,1.24,-1,-1,-1,-1,-1,-1,-1,-1,-1,-1,-1,-1,-1,-1,-1,-1,-1,-1,-1,-1,-1,-1,-1,-1,-1,-1,-1,-1,-1,-1,-1,-1,-1,-1,-1,-1,0.51,4.13,0.65,-1,-1,-1,-1,-1,-1,0.50,4.54,0.81,-1,-1,-1,-1,-1,-1,0.50,4.54,0.81,-1,-1,-1,-1,-1,-1,-1,-1,-1,-1,-1,-1,-1,-1,-1,-1,-1,-1,-1,-1,-1,-1,-1,-1,-1,-1,-1,-1,-1,-1,-1,-1,-1,-1,-1,-1,-1,-1,-1,-1,-1,-1,-1,-1,-1,-1,-1,-1,-1,-1,-1,-1,-1,-1,-1,-1,-1,-1,-1,-1,-1,-1,-1,-1,-1,-1,-1,-1,-1,-1,-1,-1,-1,-1,-1,-1,-1,-1,0.62,4.93,0.95,-1,-1,-1,-1,-1,-1,0.74,5.40,1.27,-1,-1,-1,-1,-1,-1,0.82,5.47,1.11,2.02,4.28,1.36,-1,-1,-1,0.82,5.47,1.11,2.02,4.28,1.36,-1,-1,-1,0.89,5.47,1.11,2.07,4.29,1.33,-1,-1,-1,-1,-1,-1,2.07,4.29,1.33,-1,-1,-1,1.00,5.43,1.04,-1,-1,-1,-1,-1,-1,0.91,5.37,1.02,-1,-1,-1,-1,-1,-1,0.91,5.37,1.02,-1,-1,-1,-1,-1,-1,0.84,5.32,1.05,-1,-1,-1,-1,-1,-1,0.72,5.28,1.03]

inaccuratep_5
[,-1,-1,-1,-1,-1,-1,0.24,2.18,0.92,-1,-1,-1,-1,-1,-1,-1,-1,-1,1.95,4.69,1.28,-1,-1,-1,-1,-1,-1,1.81,4.70,1.23,-1,-1,-1,-1,-1,-1,1.81,4.70,1.23,-1,-1,-1,-1,-1,-1,-1,-1,-1,-1,-1,-1,-1,-1,-1,-1,-1,-1,-1,-1,-1,-1,-1,-1,-1,-1,-1,-1,-1,-1,0.34,1.95,0.80,-1,-1,-1,-1,-1,-1,0.43,1.81,0.75,-1,-1,-1,-1,-1,-1,0.43,1.81,0.75,-1,-1,-1,-1,-1,-1,-1,-1,-1,-1,-1,-1,-1,-1,-1,-1,-1,-1,-1,-1,-1,-1,-1,-1,-1,-1,-1,1.68,4.88,1.35,-1,-1,-1,-1,-1,-1,1.68,4.88,1.35,-1,-1,-1,-1,-1,-1,-1,-1,-1,-1,-1,-1,-1,-1,-1,1.68,4.84,1.35,-1,-1,-1,0.52,1.78,0.80,1.68,4.84,1.35,-1,-1,-1,0.52,1.78,0.80,-1,-1,-1,-1,-1,-1,0.57,1.91,0.86,-1,-1,-1,-1,-1,-1,0.60,2.08,0.93,1.70,5.01,1.43,-1,-1,-1,0.60,2.23,0.97,1.73,5.15,1.52,-1,-1,-1,0.53,2.33,0.96,1.73,5.15,1.52,-1,-1,-1,0.53,2.33,0.96,-1,-1,-1,-1,-1,-1,0.57,2.26,0.95,1.76,5.18,1.45,-1,-1,-1,0.57,2.26,0.95,1.76,5.18,1.45,-1,-1,-1,0.60,2.15,0.91,-1,-1,-1,-1,-1,-1,0.63,2.07,0.91,-1,-1,-1,-1,-1,-1,0.67,2.00,0.88,-1,-1,-1,-1,-1,-1,0.64,1.95,0.84,-1,-1,-1,-1,-1,-1,0.65,1.92,0.83,-1,-1,-1,-1,-1,-1,0.88,1.94,0.86,-1,-1,-1,-1,-1,-1,0.83,1.90,0.84,-1,-1,-1,-1,-1,-1,0.78,1.87,0.84,-1,-1,-1,-1,-1,-1,0.75,1.85,0.83,-1,-1,-1,-1,-1,-1,0.74,1.83,0.85,-1,-1,-1,-1,-1,-1,0.74,1.82,0.85,-1,-1,-1,-1,-1,-1,0.74,1.80,0.86,-1,-1,-1,-1,-1,-1,0.74,1.79,0.84,1.82,5.24,1.51,-1,-1,-1,0.74,1.79,0.83,1.82,5.24,1.51,-1,-1,-1,0.74,1.78,0.80]

inaccuratep_6
[,-1,-1,-1,-1,-1,-1,1.03,1.44,0.62,-1,-1,-1,-1,-1,-1,1.02,1.44,0.66,-1,-1,-1,-1,-1,-1,1.00,1.46,0.70,-1,-1,-1,-1,-1,-1,0.96,1.48,0.73,-1,-1,-1,-1,-1,-1,0.93,1.54,0.74,-1,-1,-1,-1,-1,-1,0.86,1.63,0.67,-1,-1,-1,-1,-1,-1,0.84,1.76,0.73,-1,-1,-1,-1,-1,-1,0.84,1.76,0.73,-1,-1,-1,-1,-1,-1,-1,-1,-1,-1,-1,-1,-1,-1,-1,0.81,1.89,0.78,-1,-1,-1,-1,-1,-1,0.76,1.98,0.77,-1,-1,-1,-1,-1,-1,0.74,2.06,0.78,-1,-1,-1,-1,-1,-1,0.73,2.11,0.79,-1,-1,-1,0.44,6.08,0.90,0.73,2.14,0.80,-1,-1,-1,0.44,6.08,0.90,0.67,2.17,0.76,-1,-1,-1,-1,-1,-1,0.67,2.17,0.76,-1,-1,-1,-1,-1,-1,0.67,2.22,0.80,-1,-1,-1,-1,-1,-1,0.50,2.28,0.82,-1,-1,-1,-1,-1,-1,0.46,2.34,0.87,-1,-1,-1,-1,-1,-1,0.46,2.34,0.87,-1,-1,-1,-1,-1,-1,-1,-1,-1,-1,-1,-1,0.46,5.97,0.96,0.44,2.42,0.87,1.31,5.50,0.98,0.63,5.88,1.00,0.39,2.49,0.92,1.09,5.69,0.96,0.53,5.69,1.05,0.32,2.54,0.88,1.09,5.69,0.96,0.53,5.69,1.05,0.18,2.58,0.91,0.94,5.98,0.85,-1,-1,-1,0.14,2.62,0.97,0.94,5.98,0.85,-1,-1,-1,0.13,2.65,1.01,0.83,6.23,0.80,0.58,5.55,1.08,0.17,2.71,0.89,0.83,6.23,0.80,0.57,5.45,1.09,0.21,2.74,0.88,-1,-1,-1,0.56,5.37,1.10,0.21,2.74,0.88,-1,-1,-1,0.55,5.29,1.15,0.18,2.74,0.92,-1,-1,-1,0.52,5.24,1.17,0.18,2.74,0.92,0.74,6.43,0.77,0.52,5.24,1.17,0.16,2.74,0.97,0.74,6.43,0.77,-1,-1,-1,0.15,2.74,1.01,0.68,6.58,0.72,-1,-1,-1,0.16,2.71,0.93,0.65,6.69,0.72,-1,-1,-1,0.17,2.74,0.98,0.65,6.69,0.72,-1,-1,-1,0.17,2.74,0.98,0.63,6.78,0.68,-1,-1,-1,-1,-1,-1,0.63,6.78,0.68,-1,-1,-1,-1,-1,-1,0.62,6.83,0.68,-1,-1,-1,-1,-1,-1]

inaccuratep_7
[,1.04,5.04,1.06,-1,-1,-1,-1,-1,-1,1.09,4.98,1.08,-1,-1,-1,0.45,6.20,0.79,1.16,4.93,1.09,-1,-1,-1,0.43,6.13,0.84,1.16,4.93,1.09,0.57,5.38,0.76,0.41,6.05,0.87,1.11,4.85,1.10,0.57,5.38,0.76,0.41,5.94,0.95,1.03,4.75,1.07,0.46,5.34,0.64,-1,-1,-1,1.05,4.61,1.01,0.46,5.34,0.64,0.47,5.86,0.86,1.13,4.52,1.12,-1,-1,-1,0.51,5.82,0.89,1.13,4.52,1.12,-1,-1,-1,0.53,5.79,0.88,-1,-1,-1,-1,-1,-1,0.54,5.78,0.89,-1,-1,-1,-1,-1,-1,0.53,5.76,0.88,-1,-1,-1,-1,-1,-1,0.52,5.76,0.84,1.20,4.40,1.18,-1,-1,-1,0.52,5.74,0.85,1.23,4.32,1.23,-1,-1,-1,0.49,5.72,0.87,1.23,4.32,1.23,-1,-1,-1,0.48,5.70,0.90,1.26,4.24,1.26,0.10,5.29,0.77,0.51,5.68,0.92,1.26,4.20,1.28,0.10,5.29,0.77,0.52,5.67,0.93,1.26,4.16,1.29,-1,-1,-1,0.51,5.66,0.95,1.28,4.14,1.29,-1,-1,-1,0.51,5.66,0.94,1.31,4.11,1.28,-1,-1,-1,0.52,5.65,0.96,1.28,4.11,1.32,-1,-1,-1,0.52,5.65,0.96,1.27,4.10,1.31,-1,-1,-1,0.53,5.61,0.91,1.29,4.09,1.32,0.05,5.31,0.83,0.57,5.52,0.94,1.28,4.09,1.35,0.05,5.31,0.83,0.56,5.42,0.97,1.27,4.10,1.37,-1,-1,-1,0.56,5.42,0.97,1.26,4.10,1.38,0.12,5.09,0.96,0.63,5.14,1.09,1.26,4.09,1.37,0.11,4.92,0.92,0.61,4.94,1.04,1.25,4.10,1.37,0.11,4.92,0.92,0.59,4.79,1.11,1.29,4.09,1.36,-1,-1,-1,0.59,4.79,1.11,1.28,4.09,1.35,-1,-1,-1,0.58,4.79,1.11,1.28,4.08,1.34,-1,-1,-1,0.58,4.90,1.07,1.28,4.08,1.36,-1,-1,-1,0.56,5.03,1.00,1.31,4.07,1.36,0.16,4.46,1.00,0.57,5.12,0.97,1.29,4.08,1.34,0.26,4.08,0.91,0.59,5.18,0.98,1.32,4.07,1.36,0.26,4.08,0.91,0.58,5.27,0.87,1.32,4.07,1.36,0.26,3.65,1.05,0.45,5.27,0.93,1.47,4.07,1.20,0.30,3.45,0.97,0.48,5.29,0.98,1.44,4.07,1.23,0.30,3.45,0.97,0.51,5.31,1.01,1.42,4.06,1.26,-1,-1,-1,0.52,5.33,1.02,1.41,4.02,1.01,-1,-1,-1,0.54,5.33,1.04,1.38,4.03,1.10,0.37,3.21,0.97,0.55,5.35,1.03,1.36,4.04,1.17,0.41,2.97,0.87,0.57,5.35,1.05,1.35,4.05,1.21,0.41,2.97,0.87,0.57,5.36,1.05,1.35,4.05,1.21,-1,-1,-1,0.59,5.36,1.06,1.34,4.05,1.22,0.40,2.79,0.99,0.59,5.36,1.07,1.34,4.06,1.22,0.43,2.69,1.02,0.58,5.36,1.05,1.32,4.06,1.21,0.43,2.69,1.02,0.58,5.38,1.01,1.29,4.07,1.24,-1,-1,-1,0.51,5.37,1.01,1.32,4.06,1.25,-1,-1,-1,0.52,5.38,1.00,1.34,4.06,1.25,-1,-1,-1,0.53,5.38,1.03,1.47,4.06,1.09,-1,-1,-1,0.54,5.40,0.98,1.42,4.06,1.13,-1,-1,-1,0.54,5.40,0.98,1.41,4.02,0.98,-1,-1,-1,0.56,5.39,1.00,1.38,4.03,1.05,-1,-1,-1,0.56,5.39,1.00,1.36,4.03,1.10,-1,-1,-1,0.56,5.38,1.04,1.35,4.03,1.16,-1,-1,-1,0.54,5.37,1.06,1.33,4.03,1.20,0.44,2.58,0.87,0.50,5.36,1.05,1.31,3.97,1.05,0.44,2.58,0.87,0.45,5.32,1.03]

inaccuratep_8
[,0.99,3.96,1.07,-1,-1,-1,0.21,3.29,0.91,0.90,3.90,1.11,-1,-1,-1,0.23,3.21,0.97,0.82,3.90,0.99,0.18,2.28,0.34,0.23,3.21,0.97,0.94,3.91,0.98,0.18,2.28,0.34,0.25,3.06,1.01,1.11,3.92,1.04,0.10,2.28,0.27,0.25,3.06,1.01,0.96,3.86,1.12,-0.01,2.26,0.31,-1,-1,-1,1.05,3.88,1.14,-0.11,2.32,0.50,0.34,2.84,1.02,1.25,3.93,1.10,-0.16,2.30,0.47,0.41,2.67,1.01,1.20,3.94,1.07,-0.17,2.29,0.38,0.41,2.67,1.01,1.32,3.93,1.14,-0.13,2.29,0.42,-1,-1,-1,1.33,3.97,1.19,0.11,2.28,0.52,-1,-1,-1,1.46,3.98,1.24,0.34,2.27,0.63,-1,-1,-1,1.46,3.98,1.24,0.34,2.27,0.63,-1,-1,-1,1.40,4.08,1.27,-1,-1,-1,0.43,2.51,1.00,1.35,4.15,1.28,-1,-1,-1,0.43,2.51,1.00,1.34,4.19,1.29,0.32,2.26,0.52,-1,-1,-1,1.34,4.22,1.29,0.26,2.27,0.56,0.45,2.44,0.99,1.33,4.25,1.27,0.26,2.27,0.56,0.44,2.38,1.00,1.30,4.26,1.28,-1,-1,-1,0.40,2.39,1.01,1.30,4.26,1.28,-1,-1,-1,0.43,2.49,1.05,1.31,4.28,1.28,-1,-1,-1,0.49,2.70,0.84,1.31,4.29,1.27,0.35,2.48,0.59,0.55,2.82,0.93,1.31,4.30,1.29,0.40,2.73,0.77,0.58,2.90,1.00,1.30,4.31,1.29,0.48,3.01,0.88,0.58,2.90,1.00,1.32,4.31,1.27,0.48,3.01,0.88,-1,-1,-1,1.28,4.32,1.28,0.45,3.29,1.01,0.58,2.94,0.90,1.28,4.32,1.32,0.45,3.29,1.01,0.55,2.78,0.82,1.26,4.33,1.31,0.59,3.67,1.15,0.57,2.60,0.76,1.31,4.32,1.30,0.63,3.90,1.17,0.58,2.44,0.71,1.33,4.32,1.29,0.48,4.10,1.19,0.54,2.31,0.67,1.33,4.29,1.20,0.48,4.35,1.19,0.58,2.20,0.73,1.35,4.30,1.21,-0.02,4.74,1.26,0.58,2.12,0.72,1.33,4.31,1.22,-0.02,4.74,1.26,0.58,2.12,0.72,1.33,4.31,1.24,-1,-1,-1,0.60,2.05,0.72,1.33,4.32,1.22,-1,-1,-1,0.60,2.00,0.71,1.34,4.32,1.21,0.09,4.94,1.19,0.60,2.00,0.71,1.32,4.33,1.23,0.09,4.94,1.19,0.59,1.96,0.63,1.30,4.33,1.25,0.35,5.19,1.16,0.59,1.96,0.63,1.35,4.31,1.28,0.35,5.19,1.16,0.59,1.92,0.59,1.30,4.28,1.15,-1,-1,-1,0.62,1.91,0.64]

inaccuratep_9
[,1.72,4.43,1.29,-1,-1,-1,0.32,4.24,0.81,-1,-1,-1,-1,-1,-1,0.30,4.42,0.76,1.77,4.40,1.32,-1,-1,-1,0.38,4.52,0.84,1.82,4.39,1.32,-1,-1,-1,0.21,4.62,0.80,1.86,4.37,1.33,-1,-1,-1,0.32,4.74,0.78,1.89,4.37,1.32,-1,-1,-1,0.23,4.90,0.76,1.90,4.38,1.29,-1,-1,-1,0.23,4.90,0.76,1.90,4.38,1.29,-1,-1,-1,-1,-1,-1,-1,-1,-1,-1,-1,-1,-1,-1,-1,-1,-1,-1,-1,-1,-1,-1,-1,-1,-1,-1,-1,-1,-1,-1,-1,-1,-1,1.91,4.39,1.26,-1,-1,-1,-1,-1,-1,1.91,4.39,1.26,-1,-1,-1,-1,-1,-1,1.93,5.03,1.83,-1,-1,-1,-1,-1,-1,1.93,5.03,1.83,-1,-1,-1,-1,-1,-1,-1,-1,-1,-1,-1,-1,-1,-1,-1,-1,-1,-1,-1,-1,-1,-1,-1,-1,-1,-1,-1,-1,-1,-1,0.36,5.37,0.71,-1,-1,-1,-1,-1,-1,0.42,5.63,0.75,-1,-1,-1,-1,-1,-1,0.42,5.63,0.75,-1,-1,-1,-1,-1,-1,-1,-1,-1,-1,-1,-1,-1,-1,-1,0.48,5.84,0.77,-1,-1,-1,-1,-1,-1,0.53,5.99,0.80,-1,-1,-1,-1,-1,-1,0.58,6.21,0.79,-1,-1,-1,-1,-1,-1,0.58,6.26,0.77,-1,-1,-1,-1,-1,-1,0.59,6.24,0.81,-1,-1,-1,-1,-1,-1,0.66,6.24,0.78,1.93,4.85,1.72,-1,-1,-1,0.63,6.12,0.71,1.93,4.85,1.72,-1,-1,-1,0.62,5.97,0.82,-1,-1,-1,-1,-1,-1,0.58,5.77,0.86,-1,-1,-1,-1,-1,-1,0.57,5.57,0.84,1.95,4.73,1.62,-1,-1,-1,0.57,5.45,0.93,1.95,4.73,1.62,-1,-1,-1,0.51,5.38,0.94,1.95,4.63,1.54,-1,-1,-1,0.64,5.43,0.89,1.96,4.55,1.50,-1,-1,-1,0.61,5.49,0.90,1.95,4.49,1.46,-1,-1,-1,0.62,5.59,0.94,1.95,4.49,1.46,-1,-1,-1,0.62,5.74,0.92,-1,-1,-1,-1,-1,-1,0.63,5.85,0.76,1.97,4.86,1.83,-1,-1,-1,0.60,5.92,0.77,1.98,4.73,1.71,-1,-1,-1,0.61,6.16,0.92,1.98,4.62,1.63,-1,-1,-1,0.67,6.14,0.96,1.98,4.62,1.63,-1,-1,-1,0.67,6.14,0.96,-1,-1,-1,-1,-1,-1,0.64,6.14,0.95,-1,-1,-1,-1,-1,-1,0.64,6.13,0.94,2.00,4.55,1.56,-1,-1,-1,0.64,6.15,0.90,2.00,4.55,1.56,-1,-1,-1,0.66,6.16,0.86,-1,-1,-1,-1,-1,-1,-1,-1,-1,-1,-1,-1,-1,-1,-1,0.72,6.19,0.75,-1,-1,-1,-1,-1,-1,0.72,6.14,0.64,-1,-1,-1,-1,-1,-1,0.63,6.03,0.71,-1,-1,-1,-1,-1,-1,0.64,5.92,0.78,1.97,4.50,1.53,-1,-1,-1,0.62,5.77,0.84]

inaccuratep_10
[,0.91,0.76,0.62,0.68,1.07,0.76,0.38,6.55,0.71,0.92,0.77,0.61,0.69,1.07,0.75,0.40,6.55,0.72,0.92,0.77,0.61,0.69,1.07,0.76,0.41,6.55,0.70,0.89,0.73,0.62,0.69,1.06,0.75,0.42,6.57,0.66,0.89,0.73,0.62,0.69,1.06,0.75,0.42,6.60,0.61,0.85,0.68,0.60,-1,-1,-1,0.43,6.62,0.56,0.82,0.66,0.61,0.69,1.06,0.75,0.43,6.74,0.67,0.81,0.66,0.61,0.69,1.06,0.75,0.44,6.73,0.58,0.81,0.66,0.61,-1,-1,-1,0.45,6.84,0.72,-1,-1,-1,-1,-1,-1,0.45,6.83,0.64,-1,-1,-1,0.68,1.06,0.75,0.45,6.83,0.64,-1,-1,-1,0.68,1.06,0.75,0.45,6.81,0.52,-1,-1,-1,-1,-1,-1,0.45,6.81,0.51,0.77,0.64,0.62,-1,-1,-1,0.45,6.75,0.60,0.74,0.67,0.63,0.67,1.02,0.68,0.47,6.89,0.77,0.74,0.67,0.63,0.68,1.03,0.70,0.47,6.89,0.77,-1,-1,-1,0.68,1.03,0.70,0.46,6.80,0.79,0.77,0.86,0.69,0.71,1.09,0.57,0.47,6.76,0.75,0.79,1.02,0.71,0.71,1.09,0.57,0.49,6.79,0.73,0.81,1.13,0.73,-1,-1,-1,0.49,6.72,0.77,0.78,1.20,0.76,0.77,1.40,0.68,0.49,6.72,0.77,0.78,1.20,0.76,0.85,1.53,0.80,-1,-1,-1,-1,-1,-1,0.87,1.78,0.87,-1,-1,-1,0.75,0.96,0.60,0.87,1.78,0.87,-1,-1,-1,0.75,0.96,0.60,-1,-1,-1,0.48,6.66,0.82,0.71,0.78,0.53,1.02,2.06,0.90,0.49,6.63,0.85,0.69,0.72,0.51,1.02,2.06,0.90,0.48,6.59,0.87,0.69,0.72,0.51,-1,-1,-1,0.48,6.59,0.87,0.68,0.57,0.42,1.12,2.42,0.99,0.47,6.61,0.80,0.68,0.57,0.42,1.12,2.42,0.99,0.47,6.59,0.81,-1,-1,-1,-1,-1,-1,0.47,6.57,0.80,-1,-1,-1,1.28,2.76,0.90,0.47,6.55,0.83,0.67,0.58,0.46,1.28,2.76,0.90,0.47,6.54,0.84,0.67,0.58,0.46,-1,-1,-1,0.50,6.52,0.87,-1,-1,-1,-1,-1,-1,0.49,6.52,0.85,-1,-1,-1,-1,-1,-1,0.49,6.52,0.85,-1,-1,-1,1.36,3.05,0.94,0.50,6.49,0.87,-1,-1,-1,1.36,3.05,0.94,0.50,6.43,0.89,0.66,0.57,0.47,1.41,3.37,1.02,0.51,6.35,0.86,0.66,0.57,0.47,1.62,3.60,1.06,0.57,6.26,0.85,-1,-1,-1,1.79,3.79,1.12,0.56,6.18,0.92]

inaccuratep_11
[,0.63,0.72,0.54,1.10,4.30,1.41,1.72,5.20,1.02,0.63,0.72,0.54,0.99,4.30,1.48,1.99,5.18,1.12,-1,-1,-1,0.91,4.28,1.53,1.99,5.18,1.12,0.62,1.07,0.66,0.81,4.28,1.56,2.14,5.08,1.08,0.62,1.07,0.66,0.81,4.28,1.56,2.20,5.00,1.00,0.59,1.37,0.76,0.74,4.28,1.59,2.28,4.94,1.02,0.59,1.37,0.76,0.65,4.26,1.58,2.25,4.89,0.79,0.57,1.54,0.72,0.65,4.26,1.58,2.16,4.87,0.94,0.55,1.68,0.73,-1,-1,-1,1.96,4.81,1.01,0.55,1.68,0.73,0.64,4.26,1.57,1.81,4.74,1.06,-1,-1,-1,0.62,4.25,1.60,1.70,4.57,1.37,0.53,1.80,0.77,0.69,4.27,1.64,1.73,4.52,1.22,0.53,1.90,0.82,0.65,4.25,1.62,1.76,4.43,1.07,0.52,1.97,0.84,0.60,4.25,1.63,1.85,4.38,0.91,0.51,2.05,0.88,0.60,4.25,1.63,1.83,4.31,0.90,0.51,2.05,0.88,0.61,4.26,1.64,1.76,4.24,0.87,0.52,2.13,0.91,0.60,4.25,1.63,1.71,4.19,0.84,0.50,2.22,0.96,0.89,4.26,1.36,1.68,4.17,0.79,0.49,2.30,0.94,1.12,4.26,1.14,1.62,4.17,0.76,0.50,2.37,0.92,1.19,4.28,0.92,1.51,4.20,0.66,0.50,2.38,0.82,1.06,4.34,0.77,1.41,4.25,0.59,0.50,2.38,0.70,1.01,4.40,0.90,1.33,4.29,0.47,0.49,2.38,0.62,0.95,4.43,0.80,1.29,4.32,0.45,0.49,2.37,0.51,0.95,4.43,0.80,1.25,4.35,0.40,0.49,2.38,0.45,0.90,4.51,0.87,1.29,4.37,0.50,0.50,2.38,0.44,0.84,4.60,0.90,1.37,4.35,0.44,0.49,2.38,0.40,0.84,4.60,0.90,1.44,4.27,0.65,0.49,2.40,0.48,-1,-1,-1,1.53,4.22,0.75,0.48,2.42,0.51,-1,-1,-1,1.70,4.23,0.73,0.48,2.46,0.65,-1,-1,-1,1.86,4.24,0.74,0.47,2.50,0.77,0.69,4.66,0.92,1.90,4.23,0.80,0.47,2.50,0.77,0.64,4.74,0.98,2.15,4.30,0.88,-1,-1,-1,0.62,4.80,1.05,2.26,4.32,0.81,0.47,2.52,0.83,0.56,4.84,1.09,2.32,4.34,0.74,0.47,2.54,0.89,0.56,4.87,1.14,2.37,4.35,0.69,0.48,2.56,0.95,0.53,4.89,1.14,2.41,4.35,0.62,0.48,2.57,0.99,0.49,4.85,0.98,2.44,4.36,0.60,0.48,2.57,0.99,0.47,4.84,0.95,2.49,4.38,0.63,0.47,2.58,1.02,0.47,4.84,0.95,2.57,4.40,0.74,0.47,2.58,1.03,-1,-1,-1,2.64,4.42,0.78,0.48,2.59,1.02,0.44,4.83,0.95,2.59,4.40,0.77,0.47,2.59,1.04,0.22,4.83,0.96,2.46,4.34,0.88,0.45,2.60,1.06,0.28,4.83,0.94,2.40,4.32,0.87,0.45,2.61,1.07,0.20,4.83,0.90,2.33,4.30,0.88,0.45,2.61,1.09,0.20,4.83,0.90,2.29,4.27,0.90,0.45,2.62,1.10,0.21,4.83,0.88,2.23,4.26,0.94,0.45,2.61,1.09,0.21,4.83,0.88,2.17,4.24,0.98,0.46,2.62,1.08,-0.05,4.83,0.93,2.14,4.23,1.02]

inaccuratep_12
[,0.56,2.74,0.99,0.32,4.82,0.90,1.46,4.26,1.08,0.58,2.75,0.95,0.32,4.82,0.82,1.34,4.24,1.01,0.58,2.76,0.95,0.33,4.83,0.75,1.40,4.24,1.10,0.59,2.77,0.93,0.46,4.87,0.61,1.42,4.23,1.15,0.60,2.78,0.93,0.66,4.95,0.56,1.31,4.23,1.05,0.62,2.78,0.92,0.67,4.97,0.56,1.21,4.23,0.96,0.62,2.78,0.92,0.60,4.94,0.57,1.23,4.22,1.03,0.61,2.78,0.89,0.52,4.93,0.54,1.11,4.24,0.98,0.61,2.78,0.89,0.52,4.93,0.54,1.00,4.29,1.02,0.58,2.78,0.90,0.47,5.11,0.95,0.90,4.34,0.97,0.59,2.80,0.92,0.41,5.03,0.95,0.73,4.42,0.98,0.58,2.80,0.94,0.36,4.96,0.97,0.59,4.43,0.87,0.57,2.81,0.96,0.46,4.97,0.88,0.75,4.45,0.92,0.57,2.81,0.96,0.53,4.97,0.73,0.80,4.46,0.99,0.57,2.81,0.96,0.53,4.97,0.73,0.80,4.46,0.99,0.57,2.81,0.94,0.47,4.93,0.77,0.65,4.50,1.05,0.57,2.81,0.95,0.47,4.93,0.77,0.72,4.52,1.11,0.56,2.82,0.97,-1,-1,-1,0.72,4.52,1.11,0.57,2.82,0.99,0.59,4.93,0.90,0.79,4.64,0.89,0.58,2.83,0.99,0.62,5.02,0.94,0.74,4.79,0.94,0.58,2.83,0.99,0.63,5.24,0.90,0.74,4.97,0.93,0.58,2.83,0.99,0.68,5.50,1.00,0.74,5.42,1.30,0.59,2.83,1.00,0.54,5.66,0.81,0.71,5.48,1.15,0.60,2.83,0.98,0.56,5.81,0.86,0.67,5.48,1.08,0.60,2.82,0.96,0.60,6.04,0.79,0.67,5.42,1.08,0.59,2.83,0.99,0.44,6.21,0.78,0.74,5.45,1.31,0.59,2.83,0.99,0.51,6.35,0.81,0.76,5.21,1.25,0.58,2.82,0.98,0.57,6.53,0.81,0.87,5.05,1.09,0.58,2.82,0.95,0.56,6.74,0.68,0.90,4.84,1.16,0.58,2.81,0.95,0.56,6.74,0.68,0.79,4.70,1.05,0.59,2.81,0.94,-1,-1,-1,0.79,4.70,1.05,0.59,2.81,0.95,-1,-1,-1,0.95,4.71,1.09,0.59,2.81,0.94,0.60,6.95,0.69,1.06,4.60,1.18,0.60,2.81,0.93,0.60,6.95,0.69,0.91,4.51,1.11,0.59,2.81,0.93,-1,-1,-1,0.91,4.51,1.11,0.58,2.80,0.94,-1,-1,-1,-1,-1,-1,0.58,2.81,0.95,-1,-1,-1,0.49,4.45,1.13,0.58,2.82,0.95,-1,-1,-1,0.49,4.45,1.13,0.56,2.82,0.97,-1,-1,-1,-1,-1,-1,0.56,2.82,0.97,-1,-1,-1,-1,-1,-1,0.55,2.81,0.96,-1,-1,-1,-1,-1,-1]

inaccuratep_13
[,-0.33,5.76,1.02,0.88,2.78,0.70,-1,-1,-1,-0.33,5.69,1.05,0.88,2.78,0.70,-1,-1,-1,-0.41,5.74,1.00,-1,-1,-1,-1,-1,-1,-0.39,5.72,0.91,0.83,2.76,0.56,-1,-1,-1,-0.33,5.70,0.85,0.90,2.79,0.47,-1,-1,-1,-0.30,5.68,0.83,0.89,2.81,0.58,-1,-1,-1,-0.30,5.66,0.81,0.83,2.79,0.72,-1,-1,-1,-0.31,5.64,0.86,0.82,2.77,0.72,-1,-1,-1,-0.34,5.73,0.95,0.76,2.77,0.78,-1,-1,-1,-0.20,5.80,1.03,0.78,2.78,0.84,-1,-1,-1,-0.22,5.74,1.00,0.83,2.82,0.92,-1,-1,-1,-0.22,5.74,1.00,0.79,2.80,0.90,-1,-1,-1,-0.23,5.67,1.01,0.79,2.85,0.97,-1,-1,-1,-0.23,5.67,1.01,0.76,2.84,0.89,-1,-1,-1,-0.35,5.67,0.93,0.75,2.87,0.97,-1,-1,-1,-0.42,5.62,1.00,0.76,2.85,0.89,-1,-1,-1,-0.38,5.59,0.97,0.88,2.85,0.96,-1,-1,-1,-0.26,5.56,0.94,0.87,2.88,1.01,-1,-1,-1,-0.26,5.56,0.94,0.86,2.87,0.84,-1,-1,-1,-0.16,5.49,0.97,0.99,2.87,0.88,-1,-1,-1,-0.33,5.59,1.15,0.87,2.83,0.87,-1,-1,-1,-0.06,5.48,0.96,0.87,2.83,0.87,-1,-1,-1,0.11,5.32,0.98,-1,-1,-1,-1,-1,-1,0.42,5.25,0.85,0.88,2.73,1.02,-1,-1,-1,0.43,5.17,0.89,0.99,2.72,1.06,-1,-1,-1,0.47,5.05,0.89,0.99,2.72,1.06,-1,-1,-1,0.47,4.99,0.82,0.97,2.73,1.00,-1,-1,-1,0.57,4.93,0.76,0.77,2.83,0.89,-1,-1,-1,0.65,4.90,0.70,0.80,2.96,0.90,-1,-1,-1,0.71,4.87,0.66,0.80,2.96,0.90,-1,-1,-1,0.65,4.83,0.65,-1,-1,-1,-1,-1,-1,0.67,4.82,0.51,0.86,3.11,0.84,-1,-1,-1,0.74,4.83,0.51,0.86,3.11,0.84,-1,-1,-1,0.80,4.84,0.52,1.00,3.38,0.92,-1,-1,-1,0.78,4.91,0.75,1.00,3.38,0.92,-1,-1,-1,0.75,4.85,0.74,-1,-1,-1,-1,-1,-1,0.67,4.77,0.78,1.03,3.57,0.84,-1,-1,-1,0.57,4.67,0.87,1.16,3.76,0.96,-1,-1,-1,0.57,4.67,0.87,1.27,3.97,1.00,-1,-1,-1,0.50,4.49,0.91,1.27,3.97,1.00,-1,-1,-1,0.50,4.31,0.95,1.34,4.19,1.05,-1,-1,-1,0.48,4.15,0.92,1.34,4.19,1.05,-1,-1,-1,0.51,4.01,0.92,-1,-1,-1,-1,-1,-1,0.53,3.91,0.90,-1,-1,-1,-1,-1,-1,0.53,3.83,0.86,1.43,4.32,1.09,-1,-1,-1,0.53,3.76,0.84,1.43,4.32,1.09,-1,-1,-1,0.52,3.71,0.86,-1,-1,-1,-1,-1,-1,0.47,3.68,0.88,1.52,4.45,1.13,-1,-1,-1,0.47,3.68,0.88,1.56,4.54,1.16,-1,-1,-1]

inaccuratep_14
[,-1,-1,-1,1.30,4.69,0.70,-1,-1,-1,-1,-1,-1,1.26,4.71,0.64,-1,-1,-1,-1,-1,-1,1.25,4.70,0.69,-1,-1,-1,-1,-1,-1,1.21,4.70,0.56,-1,-1,-1,-1,-1,-1,1.18,4.69,0.45,-1,-1,-1,-1,-1,-1,1.18,4.69,0.45,-1,-1,-1,-1,-1,-1,-1,-1,-1,-1,-1,-1,-1,-1,-1,-1,-1,-1,-1,-1,-1,-1,-1,-1,-1,-1,-1,-1,-1,-1,-1,-1,-1,-1,-1,-1,-1,-1,-1,-1,-1,-1,1.34,4.79,0.61,-1,-1,-1,-1,-1,-1,1.34,4.79,0.61,0.73,0.92,0.76,1.97,4.38,1.11,-1,-1,-1,0.73,0.92,0.76,1.97,4.38,1.11,-1,-1,-1,-1,-1,-1,-1,-1,-1,1.25,5.13,0.71,-1,-1,-1,-1,-1,-1,1.18,5.28,0.76,0.73,0.91,0.74,-1,-1,-1,1.21,5.42,0.71,0.73,0.91,0.74,-1,-1,-1,-1,-1,-1,-1,-1,-1,-1,-1,-1,-1,-1,-1,-1,-1,-1,-1,-1,-1,0.98,5.71,0.60,-1,-1,-1,-1,-1,-1,-1,-1,-1,-1,-1,-1,-1,-1,-1,-1,-1,-1,-1,-1,-1,-1,-1,-1,0.90,6.06,0.68,-1,-1,-1,-1,-1,-1,0.84,6.27,0.63,-1,-1,-1,-1,-1,-1,0.84,6.27,0.63,-1,-1,-1,-1,-1,-1,0.76,6.63,0.72,-1,-1,-1,-1,-1,-1,0.76,6.63,0.72,-1,-1,-1,-1,-1,-1,-1,-1,-1,-1,-1,-1,-1,-1,-1,-1,-1,-1,0.72,0.89,0.70,-1,-1,-1,-1,-1,-1,0.72,0.89,0.70,-1,-1,-1,-1,-1,-1,-1,-1,-1,-1,-1,-1,-1,-1,-1,-1,-1,-1,-1,-1,-1,0.70,6.98,0.81,-1,-1,-1,-1,-1,-1,0.70,6.98,0.81,-1,-1,-1,-1,-1,-1,-1,-1,-1,-1,-1,-1,-1,-1,-1,0.56,7.14,0.85,-1,-1,-1,-1,-1,-1,0.46,7.25,0.88,-1,-1,-1,-1,-1,-1,0.46,7.25,0.88,-1,-1,-1,-1,-1,-1,0.40,7.24,0.75,0.68,0.85,0.59,-1,-1,-1,0.40,7.24,0.75,0.65,0.82,0.48,-1,-1,-1,0.34,7.38,0.85,0.65,0.82,0.48]

inaccuratep_15
[,-1,-1,-1,-1,-1,-1,1.08,2.89,1.15,-1,-1,-1,0.20,7.84,1.14,1.09,2.88,1.13,-1,-1,-1,0.20,7.84,1.14,1.08,2.88,1.11,-1,-1,-1,0.20,7.78,1.10,1.09,2.88,1.11,-1,-1,-1,0.20,7.78,1.10,1.09,2.89,1.14,-1,-1,-1,0.19,7.77,1.10,1.10,2.89,1.16,-1,-1,-1,0.19,7.80,1.11,1.11,2.89,1.16,-1,-1,-1,0.19,7.80,1.11,1.09,2.89,1.14,-1,-1,-1,-1,-1,-1,1.11,2.89,1.15,-1,-1,-1,-1,-1,-1,1.12,2.90,1.16,-1,-1,-1,-1,-1,-1,1.18,2.91,1.08,-1,-1,-1,-1,-1,-1,1.18,2.91,1.08,-1,-1,-1,-1,-1,-1,1.15,2.90,1.08,-1,-1,-1,0.30,7.82,1.08,1.15,2.90,1.11,-1,-1,-1,0.24,7.74,1.02,1.16,2.90,1.14,-1,-1,-1,0.27,7.66,0.97,1.14,2.91,1.15,-1,-1,-1,0.27,7.66,0.97,1.13,2.91,1.16,-1,-1,-1,0.23,7.72,1.02,1.14,2.91,1.17,-1,-1,-1,0.23,7.72,1.02,1.14,2.91,1.18,-1,-1,-1,0.22,7.78,1.07,1.15,2.91,1.20,-1,-1,-1,0.22,7.78,1.07,1.15,2.91,1.19,-1,-1,-1,0.21,7.84,1.09,1.14,2.91,1.21,-1,-1,-1,0.19,7.86,1.12,1.12,2.90,1.20,-1,-1,-1,0.17,7.89,1.16,1.11,2.91,1.19,-1,-1,-1,0.20,7.93,1.16,1.13,2.90,1.19,-1,-1,-1,0.20,7.93,1.16,1.13,2.90,1.18,-1,-1,-1,0.24,7.95,1.16,1.12,2.92,1.19,-1,-1,-1,0.23,7.87,1.11,1.10,2.93,1.18,-1,-1,-1,0.28,7.79,1.04,1.10,2.97,1.20,-1,-1,-1,0.36,7.74,0.97,1.10,3.01,1.13,-1,-1,-1,0.37,7.71,0.97,1.10,3.01,1.13,-1,-1,-1,0.37,7.71,0.97,1.11,3.09,1.04,-1,-1,-1,0.43,7.78,0.98,1.13,3.14,0.92,-1,-1,-1,0.40,7.83,1.03,1.18,3.19,0.92,-1,-1,-1,0.42,7.78,0.99,1.22,3.27,1.01,-1,-1,-1,0.38,7.67,0.90,1.22,3.27,1.01,-1,-1,-1,0.46,7.75,0.93,1.22,3.30,1.00,-1,-1,-1,0.52,7.79,0.95,1.20,3.35,1.07,-1,-1,-1,0.45,7.79,0.99,1.22,3.38,1.12,-1,-1,-1,0.45,7.79,0.99,1.24,3.39,1.07,1.28,6.65,1.11,0.51,7.84,0.98,1.24,3.39,1.07,1.28,6.65,1.11,0.47,7.78,0.96,-1,-1,-1,-1,-1,-1,0.47,7.78,0.96,1.27,3.50,1.08,-1,-1,-1,-1,-1,-1,1.33,3.63,1.12,1.07,6.79,0.96,0.41,7.36,0.83,1.42,3.74,1.08,1.07,6.79,0.96,0.41,7.36,0.83,1.55,3.83,1.09,0.94,6.91,0.82,0.51,6.96,0.70,1.65,3.89,1.07,0.94,6.91,0.82,0.55,6.51,0.80,1.74,3.95,1.06,-1,-1,-1,0.55,6.51,0.80,1.85,4.00,1.03,-1,-1,-1,0.60,6.08,0.94,1.81,4.04,1.09,0.85,7.06,0.78,0.60,6.08,0.94,1.82,4.01,0.93,0.77,7.19,0.71,0.72,5.63,0.84,1.79,4.06,0.99,0.71,7.27,0.68,0.70,5.27,0.85,1.78,4.09,1.08,0.66,7.34,0.65,0.70,5.27,0.85,1.75,4.11,1.11,0.62,7.39,0.65,-1,-1,-1,1.73,4.13,1.16,0.62,7.39,0.65,0.65,4.83,0.92,1.71,4.15,1.18,-1,-1,-1,0.65,4.83,0.92,1.69,4.16,1.21,-1,-1,-1,-1,-1,-1,1.69,4.17,1.22,-1,-1,-1,0.65,4.49,0.96,1.66,4.18,1.25,0.60,7.44,0.60,0.65,4.49,0.96,1.65,4.19,1.28,0.58,7.48,0.58,-1,-1,-1,1.65,4.19,1.30,0.56,7.50,0.59,0.66,4.14,1.02,1.64,4.19,1.30,0.55,7.52,0.59,0.66,4.14,1.02,1.65,4.19,1.31,0.55,7.52,0.59,-1,-1,-1,1.87,4.19,1.15,0.54,7.54,0.57,-1,-1,-1,1.80,4.19,1.19,0.53,7.54,0.57,0.64,3.83,1.05,1.76,4.19,1.22,-1,-1,-1,0.65,3.61,1.09,1.73,4.19,1.24,0.53,7.56,0.56,0.65,3.61,1.09,1.71,4.19,1.26,0.53,7.56,0.56,-1,-1,-1,1.73,4.19,1.25]

inaccuratep_16
[,0.52,7.58,0.58,0.66,2.99,1.17,1.23,3.50,0.59,-1,-1,-1,0.66,2.99,1.17,1.06,3.41,0.70,0.52,7.58,0.57,-1,-1,-1,1.08,3.45,0.85,0.51,7.57,0.57,0.67,2.97,1.18,1.12,3.48,0.98,0.51,7.57,0.57,0.67,2.97,1.18,1.15,3.44,0.77,-1,-1,-1,-1,-1,-1,1.15,3.44,0.77,-1,-1,-1,0.66,2.95,1.16,-1,-1,-1,0.53,7.57,0.58,0.67,2.95,1.17,-1,-1,-1,0.53,7.57,0.59,0.66,2.94,1.17,1.06,3.38,0.84,0.53,7.56,0.60,0.66,2.94,1.17,1.01,3.33,0.84,0.54,7.56,0.61,-1,-1,-1,0.98,3.29,0.84,0.54,7.56,0.61,-1,-1,-1,0.98,3.29,0.84,0.54,7.56,0.62,0.68,2.94,1.18,-1,-1,-1,0.53,7.56,0.61,0.67,2.93,1.18,-1,-1,-1,0.53,7.56,0.61,0.67,2.94,1.19,0.96,3.26,0.85,0.53,7.57,0.61,0.67,2.93,1.20,1.00,3.26,0.81,0.53,7.58,0.59,0.66,2.92,1.18,1.03,3.30,0.92,0.52,7.57,0.60,0.67,2.93,1.19,0.94,3.25,0.95,0.53,7.57,0.60,0.65,2.91,1.15,0.90,3.20,0.96,0.53,7.57,0.60,0.67,2.86,1.13,0.86,3.14,0.98,0.53,7.57,0.60,0.72,2.68,1.11,0.78,3.06,0.98,0.52,7.56,0.59,0.71,2.64,1.09,0.78,3.06,0.98,0.53,7.57,0.59,0.70,2.56,1.05,-1,-1,-1,0.53,7.57,0.60,0.70,2.56,1.05,-1,-1,-1,0.53,7.57,0.59,0.70,2.41,0.91,0.79,2.97,0.88,0.54,7.58,0.59,0.70,2.41,0.91,0.82,3.00,0.94,0.54,7.58,0.59,-1,-1,-1,0.86,3.06,0.92,0.54,7.58,0.58,-1,-1,-1,0.88,3.10,0.90,0.54,7.58,0.58,-1,-1,-1,0.88,3.10,0.90,0.54,7.57,0.59,-1,-1,-1,0.90,3.14,0.84,0.54,7.56,0.60,-1,-1,-1,0.94,3.18,0.80,0.54,7.56,0.60,0.75,2.23,0.93,0.97,3.23,0.82,0.54,7.56,0.59,0.75,2.23,0.93,1.00,3.25,0.81,0.54,7.56,0.58,-1,-1,-1,1.03,3.29,0.83,0.53,7.56,0.57,0.68,2.08,0.84,1.06,3.31,0.80,0.53,7.56,0.57,0.64,1.96,0.77,1.07,3.32,0.78,0.53,7.55,0.60,0.64,1.96,0.77,1.07,3.33,0.73,0.53,7.55,0.60,-1,-1,-1,1.07,3.33,0.73,0.52,7.55,0.61,0.72,1.89,0.78,1.10,3.34,0.73,0.52,7.55,0.61,0.77,1.82,0.74,1.11,3.35,0.72,-1,-1,-1,0.77,1.82,0.74,1.13,3.40,0.87]

inaccuratep_17
[,0.56,6.66,0.68,0.84,1.74,0.73,1.01,0.61,0.66,0.57,6.63,0.65,0.84,1.74,0.73,1.06,0.67,0.65,0.57,6.63,0.65,0.84,1.72,0.71,1.05,0.65,0.63,-1,-1,-1,0.87,1.72,0.77,1.04,0.62,0.63,0.64,6.44,0.71,0.87,1.71,0.75,1.04,0.60,0.63,0.68,6.21,0.82,0.88,1.71,0.78,1.03,0.58,0.62,0.66,6.00,0.87,0.89,1.70,0.77,1.03,0.55,0.60,0.65,5.81,0.92,0.89,1.70,0.77,1.03,0.55,0.60,0.93,5.78,0.97,-1,-1,-1,-1,-1,-1,0.84,5.66,0.98,0.89,1.73,0.82,-1,-1,-1,0.89,5.59,1.00,0.88,1.74,0.85,-1,-1,-1,0.86,5.54,0.98,0.89,1.76,0.87,1.02,0.66,0.64,0.74,5.46,0.98,0.89,1.76,0.89,0.99,0.72,0.66,0.79,5.45,0.90,0.87,1.77,0.87,0.97,0.73,0.63,0.75,5.39,0.95,0.90,1.77,0.88,0.96,0.80,0.67,0.69,5.27,1.03,0.90,1.77,0.88,0.97,0.82,0.70,0.69,5.27,1.03,0.96,1.74,0.89,0.97,0.82,0.70,0.72,5.10,1.00,0.99,1.74,0.91,-1,-1,-1,0.72,5.10,1.00,1.01,1.72,0.87,-1,-1,-1,0.85,4.89,1.07,1.01,1.72,0.87,-1,-1,-1,0.91,4.73,1.17,1.02,1.69,0.85,-1,-1,-1,0.97,4.59,1.11,0.94,1.69,0.79,-1,-1,-1,0.97,4.59,1.11,0.97,1.68,0.80,0.94,0.85,0.69,1.02,4.51,1.18,0.97,1.68,0.80,0.94,0.85,0.69,1.03,4.40,1.10,-1,-1,-1,-1,-1,-1,1.03,4.40,1.10,-1,-1,-1,-1,-1,-1,0.96,4.32,1.03,-1,-1,-1,0.90,1.21,0.79,0.95,4.22,1.01,-1,-1,-1,0.78,1.48,0.77,0.94,4.12,1.09,-1,-1,-1,0.69,1.61,0.76,0.94,4.12,1.09,-1,-1,-1,0.69,1.61,0.76,-1,-1,-1,-1,-1,-1,-1,-1,-1,1.14,3.93,1.10,-1,-1,-1,0.66,1.69,0.80,1.22,3.76,1.13,-1,-1,-1,0.65,1.66,0.79,1.35,3.62,1.16,-1,-1,-1,0.65,1.66,0.79,1.41,3.52,1.13,-1,-1,-1,0.69,1.55,0.80,1.44,3.41,1.02,-1,-1,-1,0.74,1.47,0.80,1.49,3.35,1.07,-1,-1,-1,0.78,1.40,0.78,1.50,3.33,1.12,-1,-1,-1,0.82,1.36,0.76,1.50,3.30,1.16,-1,-1,-1,0.85,1.33,0.78,1.48,3.22,0.99,-1,-1,-1,0.87,1.30,0.78,1.48,3.22,0.99,-1,-1,-1,0.88,1.26,0.76,1.50,3.18,0.96,-1,-1,-1,0.88,1.26,0.77,1.57,3.18,0.97,-1,-1,-1,0.90,1.25,0.80,1.56,3.20,1.05,-1,-1,-1,0.90,1.24,0.80,1.56,3.22,1.06,-1,-1,-1,0.91,1.23,0.79,1.56,3.22,1.06,-1,-1,-1,0.93,1.22,0.79,-1,-1,-1,-1,-1,-1,0.94,1.21,0.80,-1,-1,-1,-1,-1,-1,0.94,1.20,0.78,-1,-1,-1,-1,-1,-1,0.94,1.20,0.80,-1,-1,-1,-1,-1,-1,0.94,1.20,0.80]

inaccuratep_18
[,1.83,3.08,1.08,1.23,3.34,1.20,0.42,7.45,0.65,1.79,3.07,1.09,1.45,3.39,1.27,0.44,7.49,0.57,1.79,3.07,1.09,1.45,3.36,1.27,0.44,7.60,0.54,1.75,3.06,0.99,1.38,3.33,1.18,0.44,7.60,0.54,1.72,3.12,1.04,1.33,3.33,1.20,0.44,7.58,0.54,1.72,3.12,1.04,1.36,3.31,1.22,0.44,7.53,0.59,-1,-1,-1,1.29,3.32,1.22,0.44,7.53,0.59,1.76,3.18,1.09,-1,-1,-1,-1,-1,-1,1.76,3.18,1.09,1.14,3.37,1.24,0.43,7.50,0.61,-1,-1,-1,1.20,3.34,1.24,0.44,7.48,0.63,-1,-1,-1,1.27,3.32,1.24,0.44,7.48,0.63,-1,-1,-1,1.20,3.34,1.24,-1,-1,-1,-1,-1,-1,1.10,3.31,1.02,0.44,7.46,0.66,-1,-1,-1,1.08,3.33,1.07,0.44,7.45,0.67,-1,-1,-1,1.05,3.30,0.95,0.44,7.45,0.67,-1,-1,-1,0.99,3.34,1.04,-1,-1,-1,1.84,3.30,1.17,1.13,3.31,1.10,0.43,7.45,0.66,1.84,3.30,1.17,1.11,3.32,1.12,0.43,7.43,0.67,-1,-1,-1,1.09,3.34,1.15,0.44,7.43,0.68,-1,-1,-1,1.03,3.37,1.17,0.44,7.44,0.67,-1,-1,-1,0.95,3.39,1.19,0.45,7.42,0.69,-1,-1,-1,1.27,3.33,1.07,0.44,7.41,0.70,1.87,3.29,1.07,1.27,3.33,1.07,0.44,7.41,0.70,1.71,3.22,1.00,1.39,3.16,1.03,0.44,7.44,0.66,1.54,3.22,1.03,1.39,3.16,1.03,0.44,7.44,0.66,1.42,3.22,1.06,1.39,3.04,1.07,0.44,7.49,0.58,1.38,3.21,1.08,1.45,2.89,1.05,0.44,7.49,0.58,1.40,3.16,1.07,1.44,2.75,1.00,0.43,7.48,0.60,1.35,3.15,1.11,1.47,2.63,0.91,0.44,7.46,0.62,1.35,3.15,1.11,1.47,2.63,0.91,0.44,7.46,0.62,1.35,3.23,1.16,1.59,2.52,0.94,-1,-1,-1,1.35,3.23,1.16,1.74,2.51,0.94,0.45,7.45,0.63,1.46,3.33,1.22,1.63,2.53,0.88,0.44,7.44,0.64,1.46,3.33,1.22,1.61,2.52,0.85,0.44,7.52,0.56,-1,-1,-1,1.61,2.52,0.78,0.44,7.76,0.60,-1,-1,-1,1.60,2.52,0.76,0.44,7.76,0.60,-1,-1,-1,1.59,2.53,0.74,0.44,7.96,0.60,-1,-1,-1,1.58,2.53,0.75,0.44,7.96,0.60,-1,-1,-1,1.58,2.52,0.69,-1,-1,-1,-1,-1,-1,1.56,2.52,0.71,-1,-1,-1,-1,-1,-1,1.54,2.52,0.67,0.43,7.83,0.61,-1,-1,-1,1.54,2.51,0.62,0.41,8.16,0.52,-1,-1,-1,1.54,2.50,0.63,0.40,7.98,0.56,-1,-1,-1,1.55,2.51,0.62,0.40,7.98,0.56,-1,-1,-1,1.54,2.51,0.60,0.39,7.84,0.58,-1,-1,-1,1.55,2.52,0.65,0.36,7.73,0.60,-1,-1,-1,1.54,2.51,0.67,0.34,7.65,0.62,-1,-1,-1,1.54,2.51,0.68,0.33,7.58,0.63,-1,-1,-1,1.54,2.51,0.69,0.33,7.58,0.63]

inaccuratep_19
[,1.89,1.59,0.58,1.51,2.52,0.61,0.43,6.41,0.47,1.89,1.58,0.57,1.52,2.52,0.62,0.38,6.41,0.51,1.90,1.58,0.57,1.50,2.52,0.58,0.33,6.30,0.53,1.90,1.58,0.57,1.50,2.52,0.58,0.33,6.30,0.53,-1,-1,-1,1.51,2.46,0.62,0.22,6.15,0.56,1.90,1.57,0.55,1.48,2.48,0.63,0.15,5.88,0.69,1.90,1.58,0.56,1.46,2.49,0.65,0.15,5.88,0.69,1.90,1.58,0.59,1.46,2.49,0.65,0.23,5.72,0.65,1.90,1.60,0.63,1.44,2.50,0.55,0.28,5.61,0.59,1.90,1.59,0.61,1.45,2.51,0.55,0.28,5.61,0.59,1.90,1.60,0.64,1.62,2.46,0.72,0.16,5.48,0.70,1.90,1.61,0.66,1.74,2.43,0.84,0.18,5.36,0.73,1.91,1.61,0.67,1.74,2.43,0.84,0.26,5.25,0.70,1.92,1.63,0.71,1.67,2.46,0.77,0.26,5.25,0.70,1.92,1.63,0.71,1.63,2.47,0.74,0.29,5.02,0.80,1.93,1.63,0.72,1.59,2.48,0.78,0.29,5.02,0.80,1.93,1.63,0.72,1.55,2.50,0.69,0.18,4.78,0.82,1.93,1.63,0.72,1.55,2.50,0.68,0.35,4.58,0.95,1.92,1.67,0.76,1.55,2.51,0.64,0.48,4.49,0.85,1.92,1.73,0.80,-1,-1,-1,0.50,4.35,0.89,1.90,1.85,0.80,-1,-1,-1,0.50,4.35,0.89,1.84,1.96,0.80,-1,-1,-1,0.56,4.26,0.99,1.80,2.10,0.85,-1,-1,-1,0.61,4.18,1.04,1.89,2.22,0.82,-1,-1,-1,0.68,4.06,1.12,1.86,2.26,0.89,-1,-1,-1,0.69,3.91,1.12,1.84,2.26,0.93,-1,-1,-1,0.80,3.76,1.03,1.84,2.26,0.93,-1,-1,-1,0.77,3.60,1.08,-1,-1,-1,-1,-1,-1,0.77,3.60,1.08,1.88,2.09,0.84,-1,-1,-1,0.75,3.40,1.04,1.89,1.93,0.73,-1,-1,-1,0.79,3.29,1.08,1.88,1.90,0.78,-1,-1,-1,0.81,3.18,1.07,1.91,1.88,0.79,-1,-1,-1,0.84,3.09,1.05,1.89,1.86,0.72,-1,-1,-1,0.86,3.02,1.00,1.88,1.85,0.61,-1,-1,-1,0.88,2.95,0.98,1.86,1.86,0.54,-1,-1,-1,0.88,2.95,0.98,1.80,1.87,0.44,-1,-1,-1,0.91,2.85,1.03,1.78,1.87,0.46,-1,-1,-1,0.91,2.72,1.00,1.75,1.87,0.42,-1,-1,-1,0.98,2.63,1.00,1.81,1.85,0.51,-1,-1,-1,1.01,2.56,1.03,1.87,1.84,0.62,-1,-1,-1,1.03,2.52,1.05,1.92,1.82,0.70,-1,-1,-1,1.05,2.49,1.05,1.95,1.77,0.66,-1,-1,-1,1.05,2.44,1.01,1.97,1.77,0.74,-1,-1,-1,1.06,2.42,1.01,1.98,1.77,0.79,-1,-1,-1,1.06,2.40,0.99,2.00,1.77,0.81,-1,-1,-1,1.05,2.39,1.00,2.01,1.77,0.85,-1,-1,-1,1.05,2.38,1.02,2.02,1.77,0.85,-1,-1,-1,1.07,2.38,1.05,2.03,1.77,0.87,-1,-1,-1,1.07,2.38,1.05]

