pass_0
[,0.39,5.26,1.41,0.95,3.96,1.15,1.17,3.05,0.94,0.39,5.26,1.40,0.95,3.94,1.20,1.13,3.01,0.92,0.39,5.26,1.40,0.94,3.96,1.16,1.09,2.98,0.86,0.46,5.54,1.74,0.93,3.95,1.19,1.09,2.98,0.86,0.46,5.54,1.74,0.94,3.95,1.24,1.02,2.96,0.87,0.53,5.49,1.67,0.94,3.94,1.28,0.91,2.95,0.91,0.59,5.37,1.43,0.95,3.93,1.27,0.90,2.97,0.92,0.95,5.39,1.35,0.94,3.97,1.13,0.86,3.01,0.93,0.85,5.31,1.30,0.93,3.96,1.18,0.86,3.01,0.93,0.80,5.29,1.26,0.90,3.95,1.19,0.86,3.01,0.93,0.97,5.44,1.23,0.91,3.94,1.24,0.81,3.04,0.91,0.87,5.51,1.19,0.93,3.93,1.27,0.73,3.06,0.89,0.79,5.62,1.04,0.95,3.93,1.28,0.69,3.08,0.84,0.72,5.79,1.10,0.95,3.93,1.28,0.67,3.10,0.87,0.63,5.79,1.04,0.95,3.93,1.28,0.66,3.11,0.89,0.57,5.93,1.10,0.95,3.93,1.28,0.60,3.12,0.91,0.57,5.93,1.10,0.94,3.95,1.22,0.58,3.17,0.94,0.52,6.03,1.14,0.95,3.94,1.26,0.52,3.14,0.88,0.49,6.03,0.92,0.96,3.97,1.06,0.49,3.18,0.81,0.48,5.96,0.94,0.97,3.99,1.00,0.54,3.30,0.94,0.49,5.94,0.87,0.96,4.01,0.94,0.59,3.39,0.98,0.47,6.08,1.01,0.96,4.01,0.94,0.63,3.46,1.04,0.50,6.15,1.09,0.96,4.01,0.94,0.63,3.50,1.05,0.43,6.13,1.02,0.95,3.99,1.03,0.64,3.55,1.06,0.50,6.33,1.04,0.82,4.01,1.09,0.59,3.61,1.03,0.52,6.45,1.02,0.82,4.01,1.09,0.59,3.61,1.03,0.52,6.45,1.02,0.61,4.04,1.08,0.59,3.61,1.03,0.54,6.54,0.99,0.60,4.16,1.15,0.58,3.80,1.09,0.55,6.60,0.99,0.59,4.31,1.08,0.58,4.14,1.33,0.56,6.68,1.04,0.59,4.31,1.08,0.55,4.21,1.27,0.56,6.68,1.04,0.59,4.31,1.08,0.57,4.21,1.16]

pass_1
[,0.08,6.28,0.69,?,?,?,0.66,3.45,1.05,0.16,6.35,0.81,?,?,?,0.66,3.41,0.93,0.16,6.35,0.81,?,?,?,0.71,3.36,0.78,0.16,6.35,0.81,?,?,?,0.79,3.35,0.83,0.27,6.38,0.80,?,?,?,0.73,3.32,0.86,0.27,6.38,0.80,?,?,?,0.74,3.31,0.88,0.27,6.38,0.80,?,?,?,0.70,3.30,0.89,0.27,6.38,0.80,?,?,?,0.69,3.30,0.94,0.27,6.38,0.80,?,?,?,0.69,3.30,0.94,0.27,6.38,0.80,?,?,?,0.71,3.28,0.89,0.27,6.38,0.80,?,?,?,0.73,3.24,0.79,0.27,6.38,0.80,?,?,?,0.73,3.24,0.79,0.27,6.38,0.80,?,?,?,0.73,3.24,0.79,0.27,6.38,0.80,?,?,?,0.73,3.24,0.79,0.27,6.38,0.80,?,?,?,0.73,3.24,0.79,0.27,6.38,0.80,?,?,?,0.73,3.24,0.79,0.27,6.38,0.80,?,?,?,0.73,3.24,0.79,0.27,6.38,0.80,?,?,?,0.73,3.24,0.79,0.36,6.45,0.68,?,?,?,0.73,3.24,0.79,0.36,6.45,0.68,?,?,?,0.73,3.24,0.79,0.30,6.47,0.68,?,?,?,0.73,3.24,0.79,0.30,6.47,0.68,?,?,?,0.81,3.22,0.76,0.30,6.47,0.68,?,?,?,0.81,3.22,0.76,0.30,6.47,0.68,?,?,?,0.81,3.22,0.76,0.30,6.47,0.68,?,?,?,0.81,3.22,0.76,0.30,6.47,0.68,?,?,?,0.81,3.22,0.76,0.30,6.47,0.68,?,?,?,0.81,3.22,0.76,0.30,6.47,0.68,0.65,5.27,1.02,0.81,3.22,0.76,0.30,6.47,0.68,0.65,5.27,1.02,0.81,3.22,0.76]

pass_2
[,?,?,?,0.86,3.88,1.03,0.99,3.25,0.88,?,?,?,0.86,3.88,1.03,0.99,3.25,0.88,?,?,?,0.86,3.88,1.03,1.03,3.23,0.80,?,?,?,0.88,3.77,1.08,1.03,3.22,0.76,?,?,?,0.93,3.70,1.12,1.02,3.24,0.84,?,?,?,0.95,3.65,1.16,1.00,3.27,0.90,?,?,?,0.99,3.63,1.19,0.97,3.29,0.96,?,?,?,0.99,3.59,1.20,0.96,3.29,0.98,?,?,?,1.01,3.57,1.19,0.92,3.29,0.95,?,?,?,1.01,3.57,1.19,0.89,3.29,0.92,?,?,?,0.99,3.55,1.14,0.88,3.30,1.00,?,?,?,0.98,3.54,1.12,0.88,3.30,1.00,?,?,?,0.99,3.53,1.11,0.86,3.28,0.95,?,?,?,1.02,3.55,1.17,0.84,3.27,0.94,0.00,0.00,0.00,1.02,3.57,1.21,0.81,3.28,0.97,0.73,6.63,0.61,1.02,3.57,1.21,0.81,3.28,0.97,0.72,6.63,0.57,1.03,3.55,1.18,0.81,3.28,0.97,0.72,6.63,0.57,1.04,3.54,1.16,0.81,3.28,0.97,0.73,6.64,0.49,1.04,3.53,1.11,0.81,3.31,0.99,0.73,6.64,0.47,1.02,3.54,1.05,0.81,3.31,0.99,0.73,6.65,0.44,1.02,3.65,1.14,0.81,3.31,0.99,0.75,6.64,0.48,1.05,3.81,1.19,0.81,3.31,0.99]

pass_3
[,?,?,?,0.72,5.23,0.99,0.86,3.77,0.85,?,?,?,0.66,5.49,0.88,0.90,3.56,0.99,?,?,?,0.58,5.67,0.80,0.90,3.56,0.99,?,?,?,0.60,5.75,0.82,0.89,3.46,0.84,?,?,?,0.60,5.75,0.82,0.93,3.41,0.82,?,?,?,0.60,5.75,0.82,0.93,3.41,0.82,?,?,?,0.60,5.75,0.82,0.97,3.36,0.77,?,?,?,0.60,5.75,0.82,0.99,3.32,0.75,?,?,?,0.60,5.75,0.82,0.96,3.29,0.75,?,?,?,0.60,5.75,0.82,0.96,3.29,0.75,?,?,?,0.60,5.75,0.82,0.97,3.27,0.76,?,?,?,0.60,5.75,0.82,1.00,3.28,0.86,?,?,?,0.60,5.75,0.82,1.01,3.27,0.94,?,?,?,0.60,5.75,0.82,0.88,3.30,0.97,?,?,?,0.58,6.00,1.02,0.88,3.30,0.97,?,?,?,0.58,6.00,1.02,0.88,3.30,0.97,?,?,?,0.58,6.00,1.02,0.88,3.30,0.97,?,?,?,0.58,6.00,1.02,0.87,3.18,0.91,?,?,?,0.58,6.00,1.02,0.90,3.09,0.78,?,?,?,0.58,6.00,1.02,0.91,3.03,0.64,?,?,?,0.58,6.00,1.02,0.90,2.97,0.63,?,?,?,0.65,6.02,1.03,0.90,2.96,0.50,?,?,?,0.65,6.02,1.03,0.90,2.93,0.43,?,?,?,0.74,5.82,1.09,0.90,2.93,0.43,?,?,?,0.74,5.82,1.09,0.94,2.91,0.45,?,?,?,0.74,5.82,1.09,0.94,2.91,0.45,?,?,?,0.74,5.82,1.09,0.94,2.91,0.45,?,?,?,0.72,5.64,0.86,0.96,2.89,0.54,?,?,?,0.79,5.45,0.95,0.96,2.89,0.54,?,?,?,0.79,5.27,1.05,0.96,2.88,0.54,?,?,?,0.83,5.11,1.08,0.96,2.88,0.54,?,?,?,0.88,4.98,1.15,0.95,2.87,0.53]

pass_4
[,0.92,6.39,1.14,0.93,4.95,1.69,0.57,3.96,0.55,0.92,6.39,1.14,0.92,4.84,1.55,0.51,4.03,0.75,0.92,6.39,1.14,0.90,4.76,1.45,0.52,4.07,0.84,0.92,6.39,1.14,0.91,4.98,1.72,0.51,4.08,0.87,0.92,6.39,1.14,1.05,4.89,1.56,0.53,4.10,0.82,0.92,6.39,1.14,0.94,4.77,1.51,0.48,4.12,0.85,0.95,6.69,1.43,0.95,4.71,1.40,0.49,4.13,0.72,0.95,6.69,1.43,0.95,4.71,1.40,0.49,4.13,0.72,0.95,6.69,1.43,0.97,4.65,1.31,0.68,4.15,0.90,0.96,6.56,1.14,0.82,4.71,1.19,0.71,4.18,0.89,0.92,6.44,0.96,0.95,4.69,1.12,0.64,4.19,0.86,0.92,6.44,0.96,0.90,4.63,1.12,0.57,4.22,0.86,0.92,6.44,0.96,0.93,4.58,1.16,0.68,4.25,0.96,0.92,6.44,0.96,0.97,4.60,1.17,0.61,4.33,1.05,0.92,6.44,0.96,0.86,4.63,1.02,0.68,4.47,1.01,0.92,6.44,0.96,0.86,4.63,1.02,0.68,4.47,1.01,0.92,6.44,0.96,0.86,4.63,1.02,0.68,4.47,1.01,0.93,6.73,1.23,0.82,4.76,1.02,0.82,4.42,1.11,0.93,6.73,1.23,0.82,4.76,1.02,0.82,4.42,1.11,0.93,6.64,1.15,0.87,5.06,1.04,0.72,4.21,0.94,0.91,6.59,1.16,0.95,5.20,1.02,0.72,4.21,0.94]

pass_5
[,0.99,6.36,0.89,0.91,5.59,1.13,0.52,3.77,0.80,0.99,6.36,0.89,0.95,5.63,1.09,0.52,3.77,0.80,0.99,6.36,0.89,0.38,5.78,1.07,0.52,3.77,0.80,0.99,6.36,0.89,0.48,6.10,1.40,0.52,3.77,0.80,0.99,6.36,0.89,0.69,6.09,1.44,0.52,3.77,0.80,0.99,6.36,0.89,0.69,6.09,1.44,0.65,3.89,0.81,0.99,6.36,0.89,0.69,6.09,1.44,0.73,4.00,0.72,0.99,6.36,0.89,0.69,6.09,1.44,0.73,4.00,0.72,0.99,6.36,0.89,0.69,6.09,1.44,0.73,4.00,0.72,0.99,6.36,0.89,0.69,6.09,1.44,0.73,4.00,0.72,0.90,6.41,0.93,0.69,6.09,1.44,0.73,4.00,0.72,0.92,6.54,1.08,0.69,6.09,1.44,0.73,4.00,0.72]

pass_6
[,0.92,6.93,1.48,?,?,?,0.87,4.19,1.14,0.92,6.93,1.48,?,?,?,0.87,4.19,1.14,0.92,6.93,1.48,?,?,?,0.92,4.32,1.04,0.74,6.82,1.42,?,?,?,0.80,4.35,1.07,0.74,6.82,1.42,?,?,?,0.71,4.34,1.02,0.69,6.99,1.60,?,?,?,0.81,4.32,1.07,0.66,6.86,1.51,?,?,?,0.74,4.34,1.08,0.60,6.77,1.45,?,?,?,0.67,4.33,1.03,0.58,6.68,1.38,?,?,?,0.61,4.34,1.06,0.58,6.68,1.38,?,?,?,0.55,4.31,1.01,0.58,6.68,1.38,?,?,?,0.52,4.31,0.99,0.58,6.68,1.38,?,?,?,0.50,4.29,0.97,0.52,6.62,1.34,?,?,?,0.49,4.32,1.03,0.55,6.85,1.54,?,?,?,0.47,4.32,1.03,0.52,7.00,1.69,0.00,0.00,0.00,0.45,4.31,1.03,0.50,6.86,1.57,0.81,4.71,0.27,0.60,4.30,1.08,0.50,6.86,1.57,0.82,4.69,0.42,0.68,4.32,1.13,0.50,6.86,1.57,0.82,4.69,0.42,0.58,4.31,1.02,0.41,6.75,1.50,0.75,4.65,0.57,0.54,4.32,0.94,0.57,6.95,1.61,0.75,4.65,0.57,0.61,4.56,1.02,0.57,6.95,1.61,0.68,4.75,0.55,0.61,4.56,1.02]

pass_7
[,?,?,?,?,?,?,0.84,3.65,1.20,?,?,?,0.70,5.22,0.75,0.81,3.56,1.14,?,?,?,0.74,5.35,0.70,0.79,3.47,1.07,0.67,6.69,1.05,0.74,5.35,0.70,0.79,3.47,1.07,0.67,6.69,1.05,0.77,5.44,0.73,0.79,3.47,1.07,0.67,6.69,1.05,0.77,5.44,0.73,0.79,3.47,1.07,0.69,6.66,0.87,0.81,5.47,0.85,0.80,3.37,1.01,0.69,6.66,0.87,0.90,5.58,0.90,0.80,3.37,1.01,0.67,6.61,0.86,0.94,5.85,1.15,0.77,3.39,1.07,0.67,6.61,0.86,0.95,5.84,0.97,0.82,3.34,1.10,0.67,6.61,0.86,0.94,5.81,0.95,0.82,3.34,1.10,0.67,6.61,0.86,0.91,5.80,0.91,0.81,3.20,1.01,0.67,6.61,0.86,0.87,5.78,0.93,0.78,3.03,0.83,0.73,6.58,0.88,0.88,5.78,0.90,0.73,2.92,0.89,0.73,6.58,0.88,0.88,5.78,0.90,0.73,2.92,0.89,0.73,6.58,0.88,0.99,5.81,0.89,0.73,2.92,0.89,0.73,6.58,0.88,0.98,5.85,0.88,0.79,2.73,0.72,0.73,6.58,0.88,1.18,5.90,0.94,0.81,2.61,0.57,0.73,6.58,0.88,1.12,5.88,0.86,1.06,2.59,0.67,0.73,6.58,0.88,1.08,5.84,0.84,1.03,2.51,0.58,0.73,6.58,0.88,1.08,5.84,0.73,1.03,2.51,0.58,0.73,6.58,0.88,1.05,5.83,0.68,1.03,2.51,0.58,0.73,6.58,0.88,1.00,5.81,0.70,1.03,2.51,0.58,0.73,6.58,0.88,1.00,5.81,0.70,0.94,2.44,0.50,0.73,6.58,0.88,1.00,5.81,0.70,0.94,2.44,0.50,0.73,6.58,0.88,0.96,5.57,0.80,0.95,2.40,0.65,0.73,6.58,0.88,0.91,5.30,0.86,0.95,2.40,0.65,0.73,6.58,0.88,0.91,5.30,0.86,0.95,2.40,0.65,0.73,6.58,0.88,0.91,5.30,0.86,0.90,2.36,0.70,0.73,6.58,0.88,0.91,5.30,0.86,0.89,2.33,0.79]

pass_8
[,?,?,?,0.81,4.78,0.92,0.85,2.32,0.91,?,?,?,0.81,4.78,0.92,0.84,2.30,0.91,?,?,?,0.81,4.78,0.92,0.81,2.31,0.95,?,?,?,0.81,4.78,0.92,0.83,2.27,0.89,?,?,?,0.81,4.78,0.92,0.84,2.19,0.75,?,?,?,0.81,4.78,0.92,0.84,2.19,0.75,?,?,?,0.81,4.78,0.92,0.84,2.19,0.75,?,?,?,0.81,4.78,0.92,0.84,2.22,0.82,?,?,?,0.81,4.78,0.92,0.81,2.24,0.88,?,?,?,0.81,4.78,0.92,0.76,2.22,0.71,?,?,?,0.81,4.78,0.92,0.74,2.21,0.70,0.00,0.00,0.00,0.81,4.78,0.92,0.71,2.26,0.78,0.00,0.00,0.00,0.81,4.78,0.92,0.65,2.32,0.75,0.95,6.52,0.91,0.81,4.78,0.92,0.64,2.36,0.71,0.91,6.65,0.92,0.81,4.78,0.92,0.64,2.40,0.71,0.85,6.81,1.00,0.81,4.78,0.92,0.69,2.44,0.67,0.82,6.80,0.89,0.81,4.78,0.92,0.69,2.44,0.67,0.82,6.80,0.89,0.81,4.78,0.92,0.60,2.50,0.79,0.74,6.77,0.61,0.81,4.78,0.92,0.64,2.51,0.87,0.72,6.79,0.63,0.81,4.78,0.92,0.64,2.50,0.84,0.72,6.79,0.63,0.81,4.78,0.92,0.61,2.50,0.81,0.72,6.79,0.63,0.81,4.78,0.92,0.57,2.56,0.81,0.72,6.79,0.63,0.81,4.78,0.92,0.51,2.74,0.89,0.71,6.78,0.59,0.81,4.78,0.92,0.67,2.88,0.99,0.70,6.77,0.45,0.81,4.78,0.92,0.67,2.88,0.99,0.69,6.76,0.44,0.81,4.78,0.92,0.67,2.88,0.99,0.69,6.77,0.51,0.81,4.78,0.92,0.67,2.88,0.99,0.68,6.87,0.68,0.81,4.78,0.92,0.69,2.86,1.02,0.69,6.84,0.57,0.81,4.78,0.92,0.69,2.86,1.02]

pass_9
[,?,?,?,0.46,6.21,1.32,1.20,2.55,0.91,?,?,?,0.46,6.21,1.32,1.27,2.58,0.92,?,?,?,0.46,6.21,1.32,1.27,2.58,0.92,?,?,?,0.46,6.06,1.17,1.31,2.54,0.81,?,?,?,0.46,6.06,1.17,1.34,2.50,0.77,?,?,?,0.48,6.01,1.10,1.39,2.49,0.67,?,?,?,0.48,6.01,1.10,1.39,2.49,0.67,?,?,?,0.49,5.98,1.06,1.39,2.49,0.67,?,?,?,0.49,6.22,1.36,1.39,2.49,0.67,?,?,?,0.48,6.15,1.28,1.40,2.49,0.55,?,?,?,0.48,6.01,1.17,1.40,2.49,0.55,?,?,?,0.48,6.01,1.17,1.40,2.49,0.55,?,?,?,0.48,6.01,1.17,1.40,2.49,0.55,?,?,?,0.48,6.01,1.17,1.40,2.49,0.55,?,?,?,0.49,6.00,1.19,1.40,2.49,0.50,?,?,?,0.49,6.00,1.19,1.40,2.49,0.50,?,?,?,0.49,6.00,1.19,1.41,2.47,0.55,?,?,?,0.49,6.00,1.19,1.41,2.47,0.55,0.56,6.99,1.06,0.49,6.00,1.19,1.41,2.47,0.55,0.54,7.01,1.13,0.49,6.00,1.19,1.41,2.47,0.55,0.54,7.01,1.13,0.49,6.00,1.19,1.41,2.47,0.55,0.54,7.01,1.13,0.49,6.00,1.19,1.41,2.47,0.55,0.54,7.01,1.13,0.59,5.81,1.02,1.41,2.47,0.55,0.54,7.01,1.13,0.82,5.44,1.12,1.42,2.43,0.63,0.54,7.01,1.13,0.82,5.44,1.12,1.42,2.43,0.63,0.54,7.01,1.13,0.82,5.44,1.12,1.42,2.43,0.63,0.54,7.01,1.13,0.82,5.44,1.12,1.42,2.43,0.63,0.54,7.01,1.13,0.82,5.44,1.12,1.42,2.43,0.63,0.54,7.01,1.13,0.87,4.86,1.13,1.42,2.43,0.63,0.54,7.01,1.13,0.87,4.86,1.13,1.42,2.43,0.63]

pass_10
[,?,?,?,?,?,?,1.34,2.54,0.71,0.00,0.00,0.00,?,?,?,1.34,2.54,0.71,0.60,6.40,1.35,?,?,?,1.34,2.54,0.71,0.57,6.31,1.14,?,?,?,1.38,2.53,0.73,0.55,6.23,1.00,?,?,?,1.38,2.60,0.80,0.55,6.20,0.94,?,?,?,1.39,2.63,0.80,0.45,6.20,0.98,?,?,?,1.39,2.64,0.81,0.36,6.20,0.99,?,?,?,1.38,2.65,0.81,0.30,6.13,0.89,?,?,?,1.37,2.65,0.81,0.23,6.06,0.81,?,?,?,1.37,2.65,0.81,0.23,6.06,0.81,?,?,?,1.35,2.65,0.77,0.22,6.13,0.92,?,?,?,1.35,2.64,0.68,0.25,6.15,0.94,?,?,?,1.35,2.64,0.68,0.25,6.17,0.96,?,?,?,1.35,2.64,0.68,0.17,6.16,0.94,?,?,?,1.35,2.64,0.68,0.18,6.17,0.95,?,?,?,1.35,2.64,0.68,0.09,6.18,0.94,?,?,?,1.35,2.64,0.68,0.26,6.19,0.89,?,?,?,1.35,2.64,0.68,0.18,6.18,0.90,?,?,?,1.35,2.64,0.68,0.25,6.19,0.91,?,?,?,1.35,2.64,0.68,0.19,6.19,0.95,?,?,?,1.27,2.81,0.68,0.15,6.19,0.99,?,?,?,1.20,2.95,0.64,0.14,6.16,1.02,?,?,?,1.20,2.95,0.64,0.31,6.19,1.02,?,?,?,1.20,2.95,0.64,0.31,6.39,1.13,?,?,?,1.19,2.86,1.01,0.31,6.39,1.13,?,?,?,1.16,2.99,0.86,0.17,6.42,1.01,?,?,?,1.16,2.99,0.86,0.21,6.44,0.87,?,?,?,1.15,3.13,0.87,0.21,6.44,0.87,?,?,?,1.14,3.28,1.00]

pass_11
[,?,?,?,?,?,?,?,?,?,0.39,6.98,1.27,?,?,?,1.20,4.06,1.21,0.39,6.98,1.27,?,?,?,1.26,4.09,1.18,0.40,6.99,1.29,?,?,?,1.35,4.16,1.22,0.40,6.99,1.28,?,?,?,1.35,4.16,1.22,0.40,6.99,1.28,?,?,?,1.48,4.27,1.15,0.43,6.88,1.07,?,?,?,1.48,4.27,1.15,0.43,6.83,0.85,?,?,?,1.48,4.27,1.15,0.48,6.95,0.97,?,?,?,1.45,4.36,1.21,0.51,6.88,0.78,?,?,?,1.39,4.37,1.05,0.54,6.88,0.67,?,?,?,1.34,4.38,0.89,0.55,6.88,0.63,?,?,?,1.35,4.43,1.02,0.54,6.87,0.60,?,?,?,1.35,4.43,1.02,0.54,6.87,0.60,?,?,?,1.35,4.43,1.02,0.56,6.86,0.57,?,?,?,1.35,4.43,1.02,0.58,6.86,0.60,?,?,?,1.35,4.43,1.02,0.48,6.86,0.67,?,?,?,1.35,4.43,1.02,0.54,6.86,0.67,?,?,?,1.35,4.43,1.02,0.45,6.86,0.73,?,?,?,1.35,4.43,1.02,0.45,6.86,0.73,?,?,?,1.35,4.43,1.02,0.50,6.81,0.60,?,?,?,1.35,4.43,1.02,0.51,6.75,0.63,?,?,?,1.35,4.43,1.02,0.51,6.70,0.53,?,?,?,1.35,4.43,1.02,0.49,6.78,0.77,?,?,?,1.35,4.43,1.02,0.47,6.62,0.63,?,?,?,1.36,4.42,0.80,0.52,6.57,0.86,?,?,?,1.36,4.42,0.80,0.52,6.57,0.86,?,?,?,1.36,4.42,0.80,0.52,6.57,0.86,?,?,?,1.33,4.47,0.95,0.52,6.57,0.86,?,?,?,1.33,4.47,0.95,0.52,6.57,0.86,?,?,?,1.33,4.47,0.95,0.52,6.57,0.86,?,?,?,1.36,4.51,1.03]

pass_12
[,?,?,?,?,?,?,1.45,4.56,0.90,?,?,?,?,?,?,1.40,4.54,0.72,?,?,?,?,?,?,1.40,4.54,0.72,?,?,?,?,?,?,1.40,4.57,0.66,?,?,?,0.00,0.00,0.00,1.56,4.64,0.76,?,?,?,1.41,4.56,1.20,1.52,4.64,0.62,?,?,?,1.42,4.58,1.24,1.48,4.65,0.52,?,?,?,1.07,4.58,1.13,1.47,4.66,0.51,0.00,0.00,0.00,1.19,4.58,1.18,1.47,4.66,0.51,0.55,3.00,0.95,1.11,4.57,1.00,1.47,4.66,0.51,0.51,3.00,0.98,0.96,4.56,0.85,1.47,4.66,0.51,0.46,2.99,1.01,0.86,4.55,0.80,1.48,4.67,0.45,0.46,2.99,1.01,0.86,4.55,0.80,1.46,4.67,0.42,0.46,2.99,1.01,1.03,4.66,0.82,1.58,4.72,0.61,0.46,2.99,1.01,1.01,4.64,0.82,1.60,4.72,0.80,0.46,2.99,1.01,0.91,4.64,0.64,1.60,4.70,0.86,0.46,2.99,1.01,0.91,4.62,0.54,1.60,4.70,0.86,0.64,2.73,1.01,1.06,4.60,0.76,1.60,4.70,0.86,0.79,2.51,0.97,1.16,4.64,0.72,1.59,4.68,0.96,0.91,2.33,0.87,1.28,4.56,0.85,1.59,4.68,0.96,0.97,2.19,0.84,1.43,4.38,0.84,1.59,4.68,0.96,1.00,2.06,0.80,1.31,4.29,0.98,1.48,4.53,1.07,1.02,1.95,0.76,1.31,4.29,0.98,1.48,4.53,1.07,1.03,1.88,0.76,1.31,4.29,0.98,1.48,4.53,1.07,1.05,1.82,0.76,1.31,4.29,0.98,1.57,4.57,1.00,1.04,1.78,0.80,1.21,4.02,0.98,1.61,4.62,0.96,1.04,1.78,0.80,1.17,3.81,0.96,1.61,4.71,0.96,1.04,1.78,0.80,1.14,3.62,0.99,1.60,4.79,0.97,1.05,1.72,0.82,0.96,3.44,0.88,1.57,4.85,1.00,1.06,1.68,0.81,1.00,3.25,0.91,1.57,4.85,1.00]

pass_13
[,?,?,?,1.02,2.52,0.93,1.02,5.20,0.91,1.13,1.84,0.92,1.02,2.50,0.93,0.99,5.26,0.87,1.13,1.84,0.92,1.03,2.51,0.95,0.94,5.28,0.87,1.13,1.84,0.92,1.04,2.51,0.94,0.90,5.30,0.88,1.12,1.74,0.88,1.07,2.52,0.90,0.87,5.32,0.91,1.12,1.74,0.88,1.09,2.53,0.87,0.86,5.33,0.95,1.12,1.74,0.88,1.09,2.53,0.85,0.79,5.34,0.96,1.11,1.42,0.93,1.07,2.53,0.84,0.79,5.34,0.96,1.11,1.42,0.93,1.07,2.52,0.80,0.78,5.34,1.02,1.11,1.42,0.93,1.08,2.52,0.80,0.75,5.36,0.98,1.10,1.43,0.91,1.05,2.53,0.80,0.75,5.39,0.91,1.09,1.44,0.87,1.05,2.53,0.79,0.76,5.41,0.88,1.09,1.44,0.87,1.06,2.53,0.78,0.76,5.41,0.88,1.09,1.45,0.89,1.23,2.58,0.62,0.71,5.42,0.86,1.11,1.49,0.91,1.19,2.57,0.67,0.71,5.43,0.83,1.11,1.49,0.91,1.15,2.56,0.68,0.71,5.43,0.83,1.15,1.57,0.92,1.13,2.54,0.71,0.70,5.44,0.82,1.15,1.57,0.92,1.11,2.53,0.70,0.69,5.42,0.91,1.18,1.77,0.90,1.06,2.56,0.76,0.79,5.46,0.89,1.18,1.77,0.90,1.06,2.56,0.76,0.79,5.46,0.89,1.16,1.99,0.95,1.01,2.70,0.87,0.74,5.47,0.80]

pass_14
[,?,?,?,0.76,3.89,1.37,0.67,5.36,0.88,?,?,?,0.82,4.06,1.23,0.51,5.29,0.86,?,?,?,0.66,4.15,1.25,0.53,5.24,0.90,1.08,2.29,0.73,0.66,4.15,1.25,0.53,5.24,0.90,1.12,2.33,0.74,0.66,4.15,1.25,0.59,5.24,0.81,1.21,2.33,0.77,0.66,4.15,1.25,0.66,5.23,0.81,1.30,2.31,0.80,0.66,4.15,1.25,0.62,5.21,0.77,1.36,2.29,0.81,0.66,4.15,1.25,0.61,5.20,0.79,1.42,2.26,0.76,0.66,4.15,1.25,0.60,5.18,0.82,1.45,2.21,0.64,0.66,4.15,1.25,0.57,5.14,0.92,1.48,2.16,0.57,0.66,4.15,1.25,0.57,5.14,0.90,1.49,2.14,0.51,0.57,4.24,1.26,0.56,5.11,0.92,1.49,2.14,0.51,0.51,4.32,1.25,0.59,5.05,1.01,1.49,2.14,0.51,0.54,4.34,1.29,0.55,4.95,1.02,1.52,2.14,0.58,0.53,4.40,1.27,0.46,4.85,1.07,1.57,2.16,0.62,0.53,4.40,1.27,0.49,4.73,1.00,1.62,2.18,0.65,0.53,4.40,1.27,0.48,4.57,0.98,1.69,2.26,0.75,0.60,4.25,1.22,0.57,4.43,1.09,1.80,2.27,0.67,0.60,4.25,1.22,0.64,4.32,1.16,1.87,2.35,0.76,0.68,4.00,1.23,0.64,4.32,1.16,1.91,2.42,0.82,0.68,4.00,1.23,0.75,4.31,1.20]

pass_15
[,1.16,2.19,0.89,1.15,2.15,0.61,0.77,4.95,0.95,1.20,2.15,0.93,1.15,2.15,0.61,0.75,4.96,0.90,1.22,2.10,0.96,1.15,2.15,0.61,0.82,4.93,0.99,1.13,2.05,0.91,1.15,2.12,0.55,0.82,4.93,0.99,1.14,1.95,0.87,1.15,2.12,0.55,0.88,4.97,0.88,1.14,1.82,0.87,1.15,2.12,0.55,0.95,5.00,0.81,1.14,1.82,0.87,1.14,2.09,0.45,1.32,5.07,0.79,1.14,1.82,0.87,1.13,2.08,0.47,1.32,5.06,0.88,1.14,1.82,0.87,1.13,2.08,0.47,1.32,5.06,0.88,1.14,1.68,0.87,1.13,2.08,0.47,1.32,5.06,0.88,1.14,1.68,0.87,1.13,2.08,0.47,1.40,5.09,0.72,1.14,1.68,0.87,1.13,2.08,0.47,1.40,5.09,0.72,1.14,1.68,0.87,1.13,2.08,0.47,1.45,5.06,0.85,1.14,1.60,0.88,1.13,2.08,0.47,1.50,5.06,0.91,1.14,1.60,0.88,1.13,2.08,0.47,1.54,5.04,0.98,1.14,1.60,0.88,1.13,2.08,0.47,1.59,5.03,1.02,1.14,1.60,0.88,1.13,2.08,0.47,1.63,5.03,1.06,1.14,1.61,0.90,1.12,2.07,0.41,1.60,5.03,1.09,1.14,1.61,0.90,1.12,2.07,0.41,1.59,5.04,1.11,1.14,1.61,0.90,1.12,2.07,0.41,1.64,5.02,1.16,1.13,1.70,0.93,1.12,2.05,0.35,1.64,5.02,1.16,1.13,1.80,0.96,1.12,2.05,0.35,1.66,5.04,1.11,1.15,1.96,0.99,1.13,2.16,0.49,1.71,5.05,1.11]

pass_16
[,0.64,3.05,1.03,?,?,?,1.74,5.05,1.19,0.62,3.14,1.08,1.55,4.73,1.16,1.79,5.07,1.20,0.63,3.20,1.06,1.25,4.73,1.12,1.79,5.07,1.20,0.66,3.27,1.12,1.25,4.73,1.12,1.79,5.07,1.20,0.67,3.31,1.08,1.25,4.73,1.12,1.79,5.07,1.20,0.65,3.34,1.11,1.25,4.73,1.12,1.79,5.07,1.20,0.64,3.37,1.14,1.25,4.73,1.12,1.79,5.07,1.20,0.65,3.31,1.04,1.37,4.86,0.99,1.79,5.07,1.20,0.59,3.30,0.87,1.37,4.86,0.99,1.84,5.11,1.14,0.66,3.35,0.96,1.37,4.86,0.99,1.84,5.11,1.14,0.66,3.35,0.96,1.37,4.86,0.99,1.84,5.11,1.14,0.60,3.37,0.90,1.37,4.86,0.99,1.84,5.11,1.14,0.51,3.39,0.90,1.47,4.97,0.85,1.89,5.10,1.02,0.46,3.39,0.81,1.53,5.14,1.03,1.89,5.10,1.02,0.43,3.42,0.84,1.52,5.09,1.02,1.84,5.00,1.09,0.42,3.43,0.80,1.59,5.06,1.03,1.71,4.86,1.15,0.41,3.41,0.75,1.59,5.06,1.03,1.71,4.86,1.15,0.40,3.41,0.71,1.02,4.90,1.16,1.65,4.75,1.22,0.39,3.43,0.72,1.01,4.81,1.16,1.65,4.75,1.22,0.36,3.44,0.79,1.01,4.81,1.16,1.63,4.77,1.18,0.41,3.48,0.78,0.96,4.73,1.16,1.63,4.80,1.15,0.43,3.49,0.74,0.80,4.63,1.16,1.66,4.88,1.16,0.46,3.52,0.81,0.80,4.63,1.16,1.66,4.88,1.16]

pass_17
[,0.85,3.79,1.23,0.16,4.38,1.43,0.71,5.80,0.76,0.88,3.79,1.25,0.16,4.38,1.43,0.65,5.76,0.71,0.89,3.77,1.28,0.16,4.38,1.43,0.75,5.78,0.66,0.76,3.75,1.20,0.16,4.38,1.43,0.91,5.82,0.68,0.84,3.74,1.23,0.16,4.38,1.43,0.95,5.83,0.66,0.72,3.73,1.14,0.16,4.38,1.43,0.87,5.79,0.58,0.83,3.72,1.18,0.16,4.38,1.43,0.91,5.73,0.73,0.74,3.72,1.06,0.16,4.38,1.43,0.93,5.76,0.65,0.64,3.71,0.98,0.16,4.38,1.43,0.89,5.77,0.57,0.58,3.70,0.93,0.16,4.38,1.43,1.11,5.86,0.73,0.55,3.69,0.85,0.16,4.38,1.43,1.00,5.87,0.77,0.52,3.69,0.84,0.16,4.38,1.43,0.92,5.89,0.83,0.50,3.69,0.83,0.16,4.38,1.43,0.86,5.92,0.86,0.46,3.68,0.84,0.16,4.38,1.43,0.82,5.94,0.91,0.43,3.68,0.87,0.16,4.38,1.43,0.78,5.95,0.95,0.42,3.69,0.89,0.16,4.38,1.43,0.78,5.95,0.95,0.55,3.69,1.00,0.16,4.38,1.43,0.76,5.98,0.91,0.61,3.70,1.05,0.16,4.38,1.43,0.76,5.98,0.91,0.56,3.70,1.04,0.16,4.38,1.43,0.73,6.00,0.89,0.56,3.75,1.01,0.16,4.38,1.43,0.75,6.03,0.89,0.55,3.81,1.00,0.16,4.38,1.43,0.79,6.07,0.86,0.62,3.86,1.07,0.16,4.38,1.43,0.79,6.09,0.84,0.55,3.95,1.06,0.16,4.38,1.43,0.81,6.11,0.81,0.55,3.95,1.06,0.16,4.38,1.43,0.79,6.11,0.84,0.58,4.02,0.97,0.16,4.38,1.43,0.77,6.10,0.86,0.51,4.02,1.03,0.16,4.38,1.43,0.75,6.09,0.85,0.58,4.04,1.08,0.15,4.67,1.22,0.75,6.09,0.85,0.66,4.05,1.10,0.25,4.93,1.05,0.76,6.09,0.84,0.73,4.04,1.13,0.24,5.12,0.99,0.70,6.09,0.82,0.76,4.06,1.13,0.24,5.12,0.99,0.79,6.13,0.85,0.78,4.07,1.13,0.24,5.12,0.99,0.76,6.12,0.89,0.78,4.08,1.16,0.33,5.32,0.97,0.68,6.11,0.94]

pass_18
[,0.79,4.09,1.13,0.33,5.32,0.97,0.65,6.12,0.94,0.77,4.20,1.22,0.41,5.50,0.96,0.72,6.20,0.99,0.82,4.17,1.20,0.50,5.61,0.94,0.77,6.24,0.97,0.93,4.15,1.22,0.41,5.78,1.03,0.75,6.23,0.89,1.11,4.29,1.28,0.41,6.00,1.19,0.70,6.23,0.89,1.29,4.30,1.18,0.41,6.15,1.31,0.59,6.22,0.85,1.29,4.30,1.18,0.41,6.15,1.31,0.62,6.27,0.83,1.29,4.30,1.18,0.41,6.15,1.11,0.62,6.32,0.75,1.25,4.27,1.25,0.51,6.09,0.89,0.61,6.33,0.79,1.25,4.27,1.25,0.53,6.21,1.07,0.50,6.31,0.82,1.25,4.27,1.25,0.53,6.14,1.05,0.50,6.31,0.82,1.25,4.27,1.25,0.53,6.14,1.05,0.54,6.34,0.84,1.51,4.23,1.30,0.48,6.17,0.91,0.55,6.34,0.87,1.71,4.19,1.31,0.48,6.17,0.91,0.58,6.36,0.85,1.71,4.19,1.31,0.46,6.11,0.96,0.60,6.36,0.86,1.71,4.19,1.31,0.48,6.07,0.92,0.57,6.33,0.89,1.71,4.19,1.31,0.48,6.07,0.92,0.56,6.32,0.89,1.71,4.19,1.31,0.49,6.02,0.92,0.56,6.24,0.89,1.71,4.19,1.31,0.49,6.02,0.92,0.60,6.08,0.94,1.71,4.19,1.31,0.49,6.02,0.92,0.85,5.82,0.89,1.71,4.19,1.31,0.49,6.02,0.92,0.88,5.72,0.96,1.71,4.19,1.31,0.49,6.02,0.92,0.93,5.73,0.87,1.30,4.13,1.29,0.49,6.02,0.92,0.87,5.74,0.85,1.30,4.13,1.29,0.56,5.71,0.97,0.83,5.79,0.87,1.30,4.13,1.29,0.56,5.71,0.97,0.74,5.93,0.76,1.30,4.13,1.29,0.56,5.71,0.97,0.70,6.05,0.82,1.30,4.13,1.29,0.62,5.42,0.88,0.56,6.21,0.70,1.30,4.13,1.29,0.73,5.18,0.88,0.47,6.29,0.72,1.28,4.14,1.32,0.73,5.18,0.88,0.35,6.32,0.77]

pass_19
[,1.22,3.76,1.15,?,?,?,0.16,6.49,0.87,1.21,3.76,1.21,?,?,?,0.10,6.49,0.88,1.38,3.76,1.03,?,?,?,0.10,6.49,0.88,1.34,3.71,0.93,?,?,?,0.10,6.49,0.88,1.30,3.72,1.05,-0.06,4.44,0.74,0.10,6.52,0.87,1.29,3.73,1.12,-0.06,4.44,0.74,0.12,6.50,0.88,1.25,3.74,1.19,-0.06,4.44,0.74,0.12,6.50,0.88,1.26,3.75,1.23,-0.40,4.30,0.83,0.26,6.56,0.87,1.26,3.75,1.23,-0.40,4.30,0.83,0.24,6.57,0.88,1.24,3.76,1.25,-0.40,4.30,0.83,0.29,6.60,0.86,1.25,3.76,1.27,-0.40,4.30,0.83,0.36,6.64,0.82,1.43,3.75,1.10,-0.40,4.30,0.83,0.40,6.67,0.79,1.37,3.70,0.96,-0.05,4.31,1.07,0.38,6.68,0.80,1.33,3.73,1.07,-0.05,4.31,1.07,0.38,6.68,0.80,1.33,3.73,1.07,-0.05,4.31,1.07,0.47,6.79,0.91,1.33,3.73,1.07,-0.05,4.31,1.07,0.47,6.80,0.82,1.33,3.73,1.07,-0.05,4.31,1.07,0.48,6.96,0.90,1.33,3.73,1.07,0.21,4.27,1.16,0.49,7.17,1.03,1.33,3.73,1.07,0.21,4.27,1.16,0.51,7.06,0.95,1.33,3.73,1.07,0.43,4.23,1.09,0.51,6.98,0.91,1.33,3.73,1.07,0.76,4.37,1.00,0.53,6.93,0.85,1.40,3.95,1.02,0.86,4.42,1.01,0.54,6.90,0.81,1.40,3.95,1.02,0.82,4.60,0.95,0.55,6.86,0.81]

