tackle_0
[,0.42,5.46,0.73,1.06,2.77,1.07,-1.0,-1.0,-1.0,0.54,5.50,0.65,0.38,5.26,0.91,1.09,2.73,1.02,0.50,5.48,0.76,0.38,5.26,0.91,1.15,2.72,1.05,0.46,5.47,0.83,1.09,2.64,0.91,0.38,5.26,0.91,0.41,5.45,0.87,0.27,5.30,0.99,1.10,2.62,0.97,0.34,5.41,0.94,0.02,5.25,1.02,1.11,2.53,0.90,0.31,5.38,0.94,0.02,5.25,1.02,1.14,2.44,0.85,0.45,5.38,0.96,0.22,5.19,0.83,1.15,2.39,0.91,0.48,5.35,0.93,0.33,5.14,0.86,1.16,2.34,0.91,0.41,5.28,0.96,0.29,4.98,0.89,1.17,2.30,0.94,0.43,5.29,0.91,0.29,4.98,0.89,1.16,2.27,0.93,0.10,5.32,0.84,0.47,5.16,1.40,1.16,2.26,0.93,0.15,5.33,0.69,0.47,5.16,1.40,1.16,2.21,0.82,0.22,5.31,0.74,0.40,5.00,1.17,1.15,2.21,0.86,0.47,4.87,1.15,0.22,5.31,0.74,1.16,2.20,0.88,0.59,4.74,1.20,1.15,2.20,0.91,0.22,5.31,0.74,0.43,4.65,1.23,0.27,5.27,0.84,1.14,2.21,0.94,0.28,4.56,1.24,0.36,5.22,0.86,1.14,2.20,0.94,0.17,4.49,1.28,0.61,5.22,0.84,1.15,2.16,0.84,0.19,4.49,1.20,0.61,5.11,0.88,1.16,2.17,0.89,0.61,5.11,0.88,0.36,4.53,1.06,1.17,2.19,0.94,0.36,4.53,1.06,1.17,2.18,0.92,0.61,5.11,0.88,0.33,4.49,1.03,0.57,4.99,0.94,1.15,2.18,0.91,0.48,4.47,0.79,0.58,4.86,0.87,1.28,2.28,0.78,0.45,4.37,0.90,0.68,4.76,0.93,1.28,2.28,0.78,0.47,4.24,1.00,0.72,4.68,0.84,1.28,2.28,0.78,0.47,4.24,1.00,0.69,4.56,0.90,1.24,2.38,0.83,0.39,4.04,1.00,0.71,4.50,0.88,1.24,2.38,0.83,0.39,4.04,1.00,0.62,4.45,0.70,1.18,2.46,0.86,0.61,4.42,0.57,1.08,2.56,0.93,0.39,4.04,1.00,0.35,3.92,1.00,0.62,4.38,0.67,1.08,2.56,0.93]

tackle_1
[,0.74,2.27,0.92,0.72,4.90,0.92,-1.0,-1.0,-1.0,0.78,4.94,0.77,-1.0,-1.0,-1.0,0.74,2.27,0.92,0.97,5.05,0.88,-1.0,-1.0,-1.0,0.74,2.27,0.92,0.67,2.17,0.84,1.05,5.07,0.76,-1.0,-1.0,-1.0,0.62,2.09,0.75,1.15,5.10,0.80,-1.0,-1.0,-1.0,0.62,2.09,0.75,0.83,5.04,0.93,-1.0,-1.0,-1.0,0.60,2.01,0.57,0.83,5.04,0.93,-1.0,-1.0,-1.0,0.63,1.99,0.66,0.81,5.13,0.97,-1.0,-1.0,-1.0,0.63,1.99,0.66,0.83,5.20,0.92,-1.0,-1.0,-1.0,0.88,5.24,0.95,-1.0,-1.0,-1.0,0.63,1.99,0.66,0.51,4.49,1.07,0.94,5.27,1.00,0.63,1.99,0.66,0.53,4.53,0.99,0.99,5.30,1.03,0.63,1.99,0.66,0.53,4.53,0.99,1.00,5.32,1.07,0.63,1.99,0.66,0.99,5.35,1.08,0.53,4.53,0.99,0.63,1.99,0.66,0.67,2.00,0.72,0.59,4.54,0.99,1.01,5.36,1.09,0.67,2.00,0.72,0.59,4.54,0.99,1.01,5.37,1.09,1.00,5.41,0.98,0.59,4.54,0.99,0.67,2.00,0.72,0.64,2.05,0.80,1.02,5.40,1.05,0.59,4.54,0.99,0.61,2.09,0.79,1.03,5.41,0.88,0.59,4.54,0.99,0.56,2.18,0.85,1.03,5.41,0.88,0.59,4.54,0.99,0.57,2.22,0.84,0.36,4.67,1.16,0.99,5.69,1.24,0.77,2.30,0.86,0.36,4.67,1.16,0.99,5.69,1.24,0.72,2.30,0.81,0.36,4.67,1.16,0.90,5.85,1.58,0.72,2.30,0.81,0.44,5.62,1.32,0.36,4.67,1.16,0.70,2.31,0.76,0.44,4.61,1.18,0.59,5.37,1.32,0.66,2.31,0.68,0.58,4.60,1.06,0.73,5.19,1.30,0.62,2.29,0.57,0.58,4.60,1.06,0.87,5.07,1.24,0.62,2.29,0.57,0.78,5.19,1.49,0.58,4.60,1.06,0.59,2.36,0.68,0.83,5.07,1.37,0.58,4.60,1.06,0.56,2.46,0.77,0.66,4.47,1.15,1.04,4.86,1.36,0.54,2.57,0.83,0.81,4.42,1.06,1.04,4.86,1.36,0.54,2.70,0.87,0.80,4.30,1.03,1.01,4.68,1.36,0.48,2.84,0.93,0.80,4.30,1.03,1.09,4.48,1.33,0.48,2.84,0.93,0.88,4.17,0.79,0.97,4.36,1.24,0.76,4.26,1.17,0.88,4.17,0.79,0.48,2.84,0.93,0.43,3.05,0.77,0.62,4.19,1.15,0.88,4.17,0.79,0.43,3.05,0.77,0.54,4.15,1.18,0.88,4.17,0.79,0.50,3.19,0.63,0.46,4.11,1.21,0.88,4.17,0.79,0.50,3.19,0.63,0.42,4.05,1.23,0.88,4.17,0.79,0.47,3.27,0.77,0.42,4.05,1.23,0.88,4.17,0.79,0.43,3.31,0.89,0.42,4.05,1.23,0.88,4.17,0.79]

tackle_2
[,0.37,5.35,0.98,-1.68,5.19,0.90,1.00,2.43,0.82,0.37,5.35,1.03,-1.68,5.19,0.90,0.99,2.41,0.76,0.37,5.35,1.04,1.01,2.44,0.85,-1.0,-1.0,-1.0,0.39,5.36,1.00,1.01,2.40,0.72,-1.0,-1.0,-1.0,0.43,5.38,0.94,1.01,2.38,0.65,-1.0,-1.0,-1.0,0.44,5.39,0.91,-1.57,5.08,1.02,1.01,2.37,0.66,0.44,5.44,0.83,-1.45,5.03,1.04,1.01,2.36,0.65,0.43,5.42,0.82,-1.04,5.24,1.40,1.01,2.35,0.64,0.40,5.38,0.91,-1.04,5.24,1.40,1.01,2.40,0.77,0.38,5.38,0.87,1.00,2.43,0.86,-1.0,-1.0,-1.0,1.00,2.47,0.94,-1.0,-1.0,-1.0,0.38,5.38,0.87,0.38,5.36,0.91,0.99,2.49,0.99,-1.0,-1.0,-1.0,0.41,5.37,0.88,0.99,2.51,1.03,-1.0,-1.0,-1.0,0.51,5.39,0.70,1.00,2.52,1.07,-1.0,-1.0,-1.0,0.48,5.35,0.77,1.00,2.53,1.09,-1.0,-1.0,-1.0,0.54,5.28,0.90,-0.56,5.31,1.50,1.00,2.47,0.94,0.54,5.28,0.90,-0.19,5.21,1.31,0.98,2.43,0.79,0.61,5.30,0.81,0.11,5.15,1.22,0.99,2.40,0.69,0.22,5.04,1.23,0.61,5.30,0.81,0.99,2.38,0.61,0.34,4.98,1.22,0.68,5.27,0.91,1.00,2.41,0.73,0.34,4.98,1.22,0.73,5.24,1.00,0.99,2.39,0.70,0.38,4.88,1.23,0.77,5.27,0.84,0.99,2.43,0.81,0.35,4.81,1.23,0.79,5.38,0.97,0.98,2.47,0.89,0.42,4.75,1.25,0.80,5.56,1.21,0.97,2.43,0.79,0.42,4.67,1.25,0.80,5.47,1.17,0.97,2.46,0.87,0.48,4.61,1.26,0.78,5.38,1.11,0.98,2.49,0.94,0.52,4.56,1.28,0.78,5.27,1.12,0.98,2.51,0.99,0.78,5.27,1.12,0.58,4.53,1.28,1.01,2.51,1.03,0.70,4.48,1.30,1.03,2.48,0.96,0.78,5.27,1.12,0.90,4.38,1.34,0.85,5.09,1.10,1.04,2.47,0.95,0.73,4.30,1.27,0.91,4.94,1.08,1.04,2.47,0.95,0.70,4.22,1.29,0.94,4.86,1.05,1.01,2.55,0.92,0.94,4.86,1.05,0.71,4.15,1.07,1.07,2.72,0.76,0.98,4.75,1.08,0.71,4.15,1.07,0.97,2.81,0.77,0.98,4.64,1.12,0.97,2.81,0.77,0.71,4.15,1.07,1.03,4.55,1.03,0.97,2.81,0.77,0.71,4.15,1.07,1.06,4.45,0.99,0.80,4.10,0.90,0.90,2.99,0.87,0.99,4.29,0.99,0.69,4.04,0.92,0.90,2.99,0.87,1.09,4.15,1.06,0.23,3.87,0.76,0.90,2.99,0.87]

tackle_3
[,0.91,1.76,0.73,-1.0,-1.0,-1.0,-1.0,-1.0,-1.0,0.84,1.73,0.66,-1.0,-1.0,-1.0,-1.0,-1.0,-1.0,0.81,1.71,0.61,-1.0,-1.0,-1.0,-1.0,-1.0,-1.0,0.76,1.69,0.57,-1.0,-1.0,-1.0,-1.0,-1.0,-1.0,1.06,1.76,0.78,-1.0,-1.0,-1.0,-1.0,-1.0,-1.0,0.95,1.72,0.65,-1.0,-1.0,-1.0,-1.0,-1.0,-1.0,0.90,1.69,0.51,-1.0,-1.0,-1.0,-1.0,-1.0,-1.0,0.82,1.68,0.53,-1.0,-1.0,-1.0,-1.0,-1.0,-1.0,0.78,1.65,0.45,-1.0,-1.0,-1.0,-1.0,-1.0,-1.0,0.78,1.65,0.45,-1.0,-1.0,-1.0,-1.0,-1.0,-1.0,0.74,1.64,0.41,-1.0,-1.0,-1.0,-1.0,-1.0,-1.0,0.73,1.64,0.47,-1.0,-1.0,-1.0,-1.0,-1.0,-1.0,0.72,1.68,0.58,-1.0,-1.0,-1.0,-1.0,-1.0,-1.0,0.72,1.68,0.58,-1.0,-1.0,-1.0,-1.0,-1.0,-1.0,0.68,1.76,0.65,-1.0,-1.0,-1.0,-1.0,-1.0,-1.0,0.68,1.84,0.72,-1.0,-1.0,-1.0,-1.0,-1.0,-1.0,0.69,1.91,0.70,-1.0,-1.0,-1.0,-1.0,-1.0,-1.0,0.71,2.01,0.74,-1.0,-1.0,-1.0,-1.0,-1.0,-1.0,0.71,2.10,0.76,-1.0,-1.0,-1.0,-1.0,-1.0,-1.0,0.71,2.12,0.70,-1.0,-1.0,-1.0,-1.0,-1.0,-1.0,0.00,0.00,0.00,0.72,2.17,0.73,-1.0,-1.0,-1.0,1.03,7.83,2.12,0.72,2.17,0.65,-1.0,-1.0,-1.0,1.06,7.83,2.11,0.73,2.22,0.73,-1.0,-1.0,-1.0,1.07,7.47,1.74,0.71,2.21,0.61,-1.0,-1.0,-1.0,1.09,7.17,1.46,0.69,2.19,0.51,-1.0,-1.0,-1.0,1.07,6.90,1.16,0.69,2.19,0.51,-1.0,-1.0,-1.0,1.05,6.84,1.28,0.72,2.19,0.56,-1.0,-1.0,-1.0,1.00,6.95,1.53,0.80,2.17,0.62,-1.0,-1.0,-1.0,0.83,2.18,0.68,1.00,6.95,1.53,-1.0,-1.0,-1.0,0.83,2.17,0.71,1.00,6.95,1.53,-1.0,-1.0,-1.0,0.81,2.19,0.79,1.00,6.95,1.53,-1.0,-1.0,-1.0,1.10,6.59,1.49,0.78,2.22,0.83,0.80,4.83,0.69,1.10,6.59,1.49,0.79,2.26,0.87,0.75,4.78,0.70,1.18,6.18,1.43,0.81,2.31,0.88,0.70,4.70,0.74,0.99,5.84,1.35,0.82,2.42,0.95,0.70,4.70,0.74,0.88,5.54,1.30,0.80,2.52,0.97,0.70,4.70,0.74,0.85,5.30,1.26,0.93,2.54,1.01,0.70,4.70,0.74,0.82,5.07,1.21,0.85,2.57,0.79,0.70,4.70,0.74,0.85,4.90,1.24,0.80,2.56,0.80,0.70,4.70,0.74,0.93,4.77,1.29,0.77,2.56,0.71,0.70,4.70,0.74,0.84,4.65,1.22,0.74,2.58,0.54,0.70,4.70,0.74,0.83,4.53,1.25,0.76,2.59,0.49,0.70,4.70,0.74,0.82,4.42,1.25,0.76,2.60,0.45,0.70,4.70,0.74,0.82,4.30,1.25,0.76,2.59,0.40,0.70,4.70,0.74,0.82,4.30,1.25,0.75,2.60,0.33,0.70,4.70,0.74,0.81,4.14,1.22,0.76,2.67,0.55,0.70,4.70,0.74,0.77,4.04,1.25,0.77,2.64,0.51,0.70,4.70,0.74,0.74,3.92,1.14,0.78,2.64,0.44,0.70,4.70,0.74,0.82,3.80,1.13,0.80,2.69,0.61,0.70,4.70,0.74,0.79,3.74,1.16,0.88,2.69,0.70,0.70,4.70,0.74,0.78,3.65,1.18,0.88,2.69,0.70,0.70,4.70,0.74,0.78,3.65,1.18,0.92,2.72,0.82,0.70,4.70,0.74,0.79,3.56,1.14,1.06,2.80,0.87,0.70,4.70,0.74,0.77,3.47,1.15,1.16,2.78,0.96,0.70,4.70,0.74,0.77,3.47,1.15,1.11,2.78,0.89,0.70,4.70,0.74,1.07,2.76,0.87,0.77,3.47,1.15,0.70,4.70,0.74,0.64,3.40,1.00,1.01,2.75,0.81,0.70,4.70,0.74,0.73,3.34,1.05,0.98,2.74,0.82,0.70,4.70,0.74,0.76,3.28,1.00,0.91,2.70,0.89,0.70,4.70,0.74]

tackle_4
[,0.92,4.68,0.99,0.56,4.00,1.22,1.15,1.42,0.81,0.87,4.66,0.91,0.54,4.00,1.24,1.15,1.42,0.83,0.87,4.61,0.99,0.53,4.00,1.25,1.15,1.42,0.83,0.78,4.60,0.91,0.52,3.99,1.24,1.15,1.42,0.83,0.78,4.60,0.84,0.52,3.99,1.24,1.14,1.43,0.83,0.71,4.57,0.84,1.14,1.43,0.84,0.52,3.99,1.24,0.76,4.67,0.98,1.14,1.43,0.86,0.52,3.99,1.24,0.89,4.68,0.99,0.58,4.02,1.21,1.14,1.43,0.85,0.97,4.66,1.07,0.58,4.02,1.21,1.14,1.44,0.88,0.88,4.61,1.10,1.14,1.44,0.88,0.58,4.02,1.21,0.91,4.60,1.12,1.14,1.44,0.87,0.58,4.02,1.21,0.98,4.62,1.08,0.53,4.01,1.24,1.14,1.43,0.86,0.89,4.59,1.08,0.53,4.01,1.24,1.14,1.45,0.87,0.79,4.56,1.09,1.13,1.44,0.87,0.53,4.01,1.24,1.13,1.45,0.84,0.79,4.56,1.09,0.53,4.01,1.24,0.51,4.01,1.28,1.13,1.45,0.84,0.79,4.56,1.09,0.86,4.49,1.13,0.53,4.00,1.30,1.12,1.45,0.83,0.84,4.46,1.10,0.51,3.99,1.28,1.12,1.44,0.82,0.84,4.43,0.99,0.49,3.95,1.29,1.11,1.45,0.82,0.85,4.36,0.97,0.54,3.88,1.28,1.10,1.44,0.81,0.74,4.26,0.96,0.52,3.81,1.27,1.10,1.44,0.80,0.86,4.24,0.88,1.11,1.45,0.81,0.52,3.81,1.27,0.72,4.15,0.99,1.15,1.50,0.81,0.52,3.81,1.27,0.76,4.14,0.99,1.16,1.53,0.83,0.52,3.81,1.27,1.18,1.56,0.80,0.76,4.14,0.99,0.52,3.81,1.27,1.16,1.60,0.85,0.76,4.09,1.00,0.52,3.81,1.27,1.12,1.61,0.83,0.58,4.13,1.11,0.52,3.81,1.27,0.47,3.76,1.28,1.07,1.67,0.84,0.73,4.05,1.12,0.47,3.76,1.28,1.07,1.67,0.84,0.79,4.02,1.01,1.01,1.81,0.81,0.87,3.99,0.87,0.47,3.76,1.28,0.37,3.66,1.14,0.96,2.01,0.90,0.82,3.93,0.85,0.37,3.66,1.14,1.01,2.18,0.83,0.87,3.89,0.77,0.35,3.51,1.01,0.92,2.26,0.86,0.81,3.81,0.81,0.49,3.48,1.05,0.86,2.34,0.91,0.70,3.73,0.91,0.44,3.40,1.03,0.81,2.40,0.93,0.63,3.69,0.98,0.39,3.34,1.00,0.76,2.43,0.90,0.65,3.66,1.01,0.39,3.34,1.00,0.74,2.47,0.94,0.55,3.61,1.06,0.74,2.47,0.94,0.49,3.58,1.08,0.39,3.34,1.00,0.30,3.32,1.03,0.44,3.52,1.09,0.74,2.47,0.94,0.30,3.32,1.03,0.47,3.39,1.07,0.74,2.47,0.94,0.30,3.30,1.09,0.42,3.28,0.92,0.74,2.47,0.94]

tackle_5
[,1.31,4.42,1.48,1.10,1.32,0.61,-1.0,-1.0,-1.0,1.31,4.14,0.92,1.12,1.34,0.68,1.31,4.42,1.48,1.15,1.35,0.74,1.31,4.14,0.92,1.31,4.42,1.48,1.18,1.30,0.66,1.31,4.14,0.92,1.31,4.42,1.48,1.21,1.27,0.64,1.31,4.14,0.92,1.31,4.42,1.48,1.24,1.26,0.66,1.31,4.14,0.92,1.31,4.42,1.48,1.40,4.36,1.43,1.25,1.28,0.72,1.31,4.14,0.92,1.40,4.36,1.43,1.26,1.24,0.66,1.31,4.14,0.92,1.40,4.36,1.43,1.24,1.21,0.60,1.31,4.14,0.92,1.36,4.94,1.40,1.07,4.32,1.25,1.20,1.19,0.47,1.38,5.02,1.22,1.07,4.32,1.25,1.18,1.17,0.45,1.38,5.02,1.22,1.17,1.16,0.37,1.07,4.32,1.25,1.42,5.07,1.14,1.05,4.30,1.04,1.17,1.16,0.38,1.42,5.08,1.13,1.05,4.30,1.04,1.20,1.17,0.39,1.45,5.53,1.51,1.18,1.25,0.53,1.05,4.30,1.04,1.18,1.25,0.53,1.28,5.54,1.36,1.05,4.30,1.04,1.20,1.22,0.51,1.36,5.43,1.32,1.05,4.30,1.04,1.20,1.17,0.42,1.44,5.36,1.28,1.05,4.30,1.04,1.20,1.22,0.53,1.44,5.36,1.28,1.05,4.30,1.04,1.18,1.25,0.59,1.38,5.29,1.19,1.05,4.30,1.04,1.16,1.27,0.63,1.36,5.22,1.17,1.05,4.30,1.04,1.13,1.32,0.65,1.36,5.22,1.17,1.05,4.30,1.04,1.10,1.38,0.69,1.36,5.22,1.17,1.05,4.30,1.04,1.08,1.45,0.72,1.36,5.22,1.17,1.05,4.30,1.04,1.04,1.55,0.68,1.37,5.07,1.13,1.05,4.30,1.04,1.04,1.55,0.68,1.23,4.90,1.11,0.51,4.24,0.82,0.97,1.73,0.60,1.23,4.90,1.11,0.60,4.21,0.85,0.93,1.86,0.64,1.12,4.73,1.04,0.68,4.18,0.85,0.83,1.86,0.60,1.12,4.73,1.04,0.72,4.12,0.86,0.84,1.89,0.60,0.78,4.06,0.88,1.12,4.73,1.04,0.86,1.90,0.61,0.84,4.02,0.92,1.12,4.73,1.04,0.88,1.90,0.59,0.86,3.98,0.93,1.12,4.73,1.04,0.89,1.92,0.62,1.24,4.62,1.14,0.89,3.96,0.93,0.89,1.95,0.67,1.32,4.53,1.20,0.89,3.96,0.93,0.90,2.00,0.70,1.32,4.45,1.22,0.89,3.96,0.93,0.89,2.08,0.76,1.39,4.40,1.27,0.89,3.96,0.93,0.88,2.16,0.73,1.36,4.38,1.31,0.89,3.96,0.93,1.36,4.38,1.31,0.89,3.96,0.93,0.88,2.16,0.73,1.32,4.34,1.34,0.89,3.96,0.93,0.88,2.16,0.73,0.91,2.37,0.75,1.32,4.34,1.34,0.90,3.96,1.02,0.91,2.37,0.75,0.97,3.91,0.97,1.32,4.34,1.34,0.91,2.50,0.73,0.97,3.91,0.97,1.32,4.34,1.34,0.93,2.59,0.73,1.29,4.26,1.33,1.06,3.87,0.75,0.93,2.59,0.73,1.31,4.18,1.22,1.00,3.75,0.65,0.97,2.71,0.78,1.35,4.08,1.15,0.98,3.68,0.79,0.99,2.84,0.89,1.35,4.08,1.15,0.65,3.57,0.76,1.11,2.97,0.96,0.76,3.51,0.80,1.35,4.08,1.15,1.11,2.97,0.96,1.29,4.03,1.19,0.76,3.51,0.80,1.06,3.11,1.05,1.25,3.96,1.14,0.82,3.45,0.72,1.06,3.18,1.01,1.22,3.92,1.14,0.82,3.45,0.72]

tackle_6
[,1.27,1.81,0.86,-1.0,-1.0,-1.0,-1.0,-1.0,-1.0,1.29,1.81,0.85,0.88,6.40,1.13,-1.0,-1.0,-1.0,0.53,7.00,1.09,1.35,1.83,0.83,0.92,6.33,1.00,1.41,1.89,0.86,0.53,7.00,1.09,0.92,6.26,0.89,1.41,1.89,0.82,0.92,6.22,0.86,0.53,7.00,1.09,1.43,1.94,0.87,0.93,6.21,0.85,0.55,6.94,1.19,0.55,6.94,1.19,1.48,1.99,0.86,0.93,6.21,0.85,0.54,6.85,1.29,1.40,2.00,0.85,0.93,6.21,0.85,0.72,6.58,1.26,1.35,2.09,0.92,0.93,6.21,0.85,0.71,6.33,1.25,1.45,2.14,0.93,0.93,6.02,0.89,0.70,6.15,1.19,1.54,2.18,0.95,0.88,5.85,0.94,0.73,6.03,1.12,1.49,2.23,0.93,0.88,5.85,0.94,0.77,5.93,1.07,1.57,2.26,0.84,0.90,5.68,0.98,0.80,5.90,0.88,1.47,2.24,0.78,0.77,5.47,1.06,0.84,5.84,0.84,1.37,2.21,0.74,0.76,5.29,1.09,0.84,5.84,0.84,1.29,2.18,0.66,0.73,5.13,1.07,0.90,5.73,0.79,1.24,2.16,0.62,0.73,5.13,1.07,0.88,5.58,0.91,1.23,2.16,0.65,0.73,5.13,1.07,0.86,5.43,0.97,1.20,2.15,0.66,0.73,5.13,1.07,0.72,5.26,1.06,1.21,2.18,0.77,0.73,5.13,1.07,0.81,5.17,1.12,1.26,2.18,0.79,0.71,5.01,1.02,0.81,5.17,1.12,1.24,2.14,0.79,0.71,5.01,1.02,0.82,5.09,1.05,1.24,2.08,0.83,0.61,4.82,1.01,0.97,5.05,1.11,1.23,2.02,0.85,0.59,4.76,1.05,0.97,5.05,1.11,1.19,1.94,0.83,0.68,4.70,1.14,1.19,1.86,0.86,0.68,4.70,1.14,0.97,5.05,1.11,1.00,5.00,1.11,1.19,1.86,0.86,0.56,4.65,1.15,1.27,4.99,1.13,0.52,4.62,1.13,1.19,1.86,0.86,1.39,4.93,1.07,0.46,4.59,1.10,1.19,1.86,0.86,1.31,4.81,1.11,0.54,4.52,1.15,1.19,1.86,0.86,1.22,4.67,1.14,0.50,4.42,1.16,1.19,1.86,0.86,1.22,4.67,1.14,0.53,4.33,1.09,1.19,1.86,0.86,0.93,4.50,1.22,1.18,1.84,0.88,0.50,4.19,1.08,0.84,4.43,1.03,1.12,1.87,0.89,0.50,4.19,1.08,0.88,4.39,0.88,1.07,1.97,0.94,0.41,4.06,0.93,0.81,4.32,0.84,1.04,2.09,0.96,0.41,4.06,0.93,0.71,4.25,0.94,1.02,2.23,0.92,0.51,3.96,0.95,0.75,4.23,0.94,1.02,2.37,0.98,0.51,3.96,0.95,0.70,4.18,0.95,1.02,2.48,1.02,0.51,3.96,0.95,0.73,4.08,0.99,1.01,2.54,1.01,0.44,3.85,0.99,0.78,3.99,1.02,1.01,2.62,1.03,0.44,3.85,0.99,0.89,3.96,0.82,0.93,2.67,0.93,0.54,3.79,1.05,0.98,3.92,0.82,0.86,2.77,0.89,0.67,3.71,1.00,0.96,3.86,0.93,0.86,2.77,0.89,0.76,3.68,1.03,0.94,3.75,0.96,0.94,2.96,1.00,0.70,3.68,0.99,0.97,3.60,0.97,0.88,3.10,1.06,0.70,3.68,0.99,0.93,3.46,0.83,0.88,3.10,1.06,0.70,3.68,0.99,0.83,3.37,0.77,0.87,3.29,0.82,0.68,3.74,1.01,0.91,3.29,0.84,0.80,3.40,0.82,0.67,3.80,1.03,0.98,3.22,0.88,0.80,3.40,0.82,0.67,3.80,1.03]

tackle_7
[,1.05,5.72,0.93,1.05,5.64,1.84,0.16,5.97,0.65,1.10,5.72,0.91,0.16,5.97,0.65,1.05,5.64,1.84,1.13,5.73,0.89,1.05,5.64,1.84,0.16,5.97,0.65,1.15,5.73,0.92,1.05,5.64,1.84,0.16,5.97,0.65,1.15,5.73,0.92,1.05,5.64,1.84,0.16,5.97,0.65,1.15,5.73,0.92,1.05,5.64,1.84,0.16,5.97,0.65,1.15,5.73,0.92,1.05,5.64,1.84,0.16,5.97,0.65,1.19,5.73,0.91,1.05,5.64,1.84,0.16,5.97,0.65,1.19,5.73,0.91,1.05,5.64,1.84,0.16,5.97,0.65,1.33,5.87,1.12,1.14,5.63,1.79,0.16,5.97,0.65,1.14,5.63,1.79,1.33,5.87,1.12,0.27,6.30,0.54,0.27,6.30,0.54,1.33,5.87,1.12,1.14,5.63,1.79,0.37,6.57,0.46,1.33,5.87,1.12,1.14,5.63,1.79,1.33,5.82,1.03,0.46,6.77,0.39,1.14,5.63,1.79,0.46,6.77,0.39,1.34,5.73,1.08,1.14,5.63,1.79,1.34,5.73,1.08,1.14,5.63,1.79,0.46,6.77,0.39,1.31,5.74,0.86,0.48,6.90,0.39,1.14,5.63,1.79,0.48,6.90,0.39,1.31,5.74,0.86,1.14,5.63,1.79,1.31,5.74,0.86,1.14,5.63,1.79,0.48,6.90,0.39,1.25,5.63,0.93,0.52,7.03,0.35,1.14,5.63,1.79,0.52,7.03,0.35,1.09,5.47,0.88,1.14,5.63,1.79,1.06,5.36,0.96,1.14,5.63,1.79,0.52,7.03,0.35,0.97,5.27,0.97,1.18,5.43,1.53,0.52,7.03,0.35,0.96,5.22,1.01,1.13,5.24,1.49,0.52,7.03,0.35,0.87,5.16,1.06,1.14,5.14,1.22,0.52,7.03,0.35,0.85,5.11,1.10,1.14,5.14,1.22,0.52,7.03,0.35,0.55,7.17,0.35,0.78,5.05,1.11,1.14,5.14,1.22,0.52,7.25,0.38,0.70,4.96,1.15,0.83,4.95,1.15,0.43,7.32,0.45,0.83,4.95,1.15,0.67,4.86,1.14,0.49,7.64,0.57,0.51,4.74,1.12,0.83,4.95,1.15,0.53,7.58,0.49,0.53,4.63,1.11,0.83,4.95,1.15,0.57,7.43,0.54,0.56,4.55,1.11,0.94,4.77,1.19,0.61,7.24,0.55,0.58,4.49,1.10,1.00,4.58,1.21,0.57,4.43,1.07,0.97,4.41,1.21,0.61,7.24,0.55,0.58,4.39,1.10,0.94,4.27,1.21,0.58,6.81,0.69,0.59,4.36,1.15,0.94,4.27,1.21,0.58,6.44,0.80,0.67,4.30,1.15,0.56,6.16,0.82,0.94,4.27,1.21,0.72,4.23,1.14,0.57,5.92,0.91,0.94,4.27,1.21,0.72,4.12,1.13,0.64,5.91,1.06,0.94,4.27,1.21,0.75,4.00,1.15,0.90,4.06,1.23,0.63,5.93,1.29,0.73,3.88,1.17,0.90,4.06,1.23,0.62,5.65,1.21,0.76,3.79,1.11,0.86,3.80,1.18,0.64,5.33,1.24,0.86,3.80,1.18,0.76,3.79,1.11,0.68,4.98,1.26,0.68,3.59,1.09,0.83,3.73,1.11,0.68,4.98,1.26,0.76,3.47,1.09,0.85,3.67,1.10,0.70,4.61,1.14,0.78,3.34,1.06,0.85,3.61,1.12,0.66,4.33,1.00,0.77,3.22,1.06,0.85,3.52,1.10,0.65,4.13,0.93,0.77,3.22,1.06,0.86,3.40,1.12,0.60,3.93,0.99,0.83,3.26,1.13,0.47,3.77,1.03,0.77,3.22,1.06,0.81,3.02,0.96,0.83,3.26,1.13,0.44,3.65,1.05,0.78,2.85,0.96,0.44,3.56,1.06,0.83,3.26,1.13,0.79,2.49,1.04,0.80,3.08,1.10,0.46,3.45,1.06,0.46,3.45,1.06,0.82,2.33,0.95,0.80,3.08,1.10,0.54,3.26,1.07,0.81,2.95,1.06,0.82,2.33,0.95,0.51,3.00,0.95,0.81,2.95,1.06,0.72,2.25,0.92,0.51,3.00,0.95,0.75,2.17,0.92,0.81,2.95,1.06,0.50,2.73,0.96,0.76,2.04,0.91,0.81,2.95,1.06,0.50,2.52,0.89,0.76,2.04,0.91,0.81,2.95,1.06,0.51,2.39,0.90,0.85,2.86,1.08,0.76,2.04,0.91,0.53,2.24,0.83,0.85,2.72,0.99,0.76,2.04,0.91]

tackle_8
[,1.14,3.40,1.11,0.87,0.86,0.55,-1.0,-1.0,-1.0,1.09,0.81,0.57,1.07,3.47,1.08,0.87,0.86,0.55,1.07,3.47,1.08,1.09,0.81,0.57,0.87,0.86,0.55,1.10,3.58,1.16,0.87,0.86,0.55,1.09,0.81,0.57,1.05,0.75,0.54,1.12,3.67,1.20,0.87,0.86,0.55,1.14,3.74,1.25,1.05,0.75,0.54,0.87,0.86,0.55,1.14,3.74,1.25,0.76,1.04,0.59,1.05,0.75,0.54,0.76,1.04,0.59,1.14,3.74,1.25,1.05,0.75,0.54,1.17,3.81,1.27,0.76,1.04,0.59,1.05,0.75,0.54,1.18,3.85,1.29,0.76,1.04,0.59,1.05,0.75,0.54,1.19,3.88,1.32,0.69,1.23,0.68,1.05,0.75,0.54,1.19,3.88,1.32,0.63,1.36,0.75,1.05,0.75,0.54,1.11,3.91,1.25,0.58,1.37,0.66,1.05,0.75,0.54,1.15,3.92,1.28,0.58,1.37,0.66,1.05,0.75,0.54,1.16,3.93,1.32,0.53,1.45,0.72,1.05,0.75,0.54,1.16,3.95,1.32,0.49,1.51,0.73,1.05,0.75,0.54,1.16,3.98,1.22,0.49,1.51,0.73,1.05,0.75,0.54,1.16,3.98,1.22,0.49,1.51,0.73,1.05,0.75,0.54,1.18,3.97,1.27,0.49,1.51,0.73,1.05,0.75,0.54,1.19,3.98,1.29,0.49,1.51,0.73,1.05,0.75,0.54,1.19,3.98,1.29,0.49,1.51,0.73,1.05,0.75,0.54,1.20,4.20,1.55,0.49,1.51,0.73,1.05,0.75,0.54,1.20,4.20,1.55,0.49,1.51,0.73,1.05,0.75,0.54,1.20,4.14,1.51,0.49,1.44,0.73,1.05,0.75,0.54,1.20,4.10,1.48,0.47,1.44,0.67,1.05,0.75,0.54,1.20,4.10,1.48,0.46,1.47,0.54,1.05,0.75,0.54,1.22,4.09,1.34,0.41,1.57,0.63,1.05,0.75,0.54,0.85,0.99,0.59,1.19,4.06,1.35,0.41,1.57,0.63,0.69,1.23,0.66,1.11,4.01,1.31,0.41,1.57,0.63,1.06,3.95,1.28,0.69,1.23,0.66,0.41,1.57,0.63,0.97,3.87,1.24,0.41,1.57,0.63,0.69,1.23,0.66,1.02,3.76,1.21,0.36,1.75,0.67,0.69,1.23,0.66,0.93,3.71,1.24,0.32,1.90,0.71,0.69,1.23,0.66,0.85,3.67,1.25,0.38,2.09,0.73,0.69,1.23,0.66,0.79,3.63,1.27,0.38,2.09,0.73,0.69,1.23,0.66,0.79,3.63,1.27,0.63,1.37,0.64,0.36,2.22,0.71,0.80,3.61,1.07,0.58,1.51,0.67,0.28,2.31,0.80,0.67,3.53,1.09,0.58,1.51,0.67,0.27,2.38,0.82,0.67,3.53,1.09,0.25,2.40,0.66,0.58,1.51,0.67]

tackle_9
[,0.85,1.67,0.68,1.43,1.62,0.79,0.95,0.53,0.66,0.87,1.60,0.79,1.41,1.57,0.69,0.97,0.53,0.68,0.93,1.53,0.86,1.41,1.54,0.65,0.97,0.52,0.69,0.97,0.52,0.69,0.88,1.47,0.97,1.41,1.52,0.66,0.98,0.52,0.70,1.40,1.50,0.62,0.88,1.47,0.97,0.97,0.53,0.70,1.40,1.56,0.72,0.90,1.55,0.85,0.97,0.53,0.70,1.41,1.54,0.68,0.97,1.61,0.84,0.97,0.52,0.71,0.97,1.61,0.84,1.41,1.54,0.68,0.97,0.52,0.70,1.41,1.54,0.68,0.97,1.61,0.84,0.97,0.52,0.70,1.42,1.53,0.68,0.86,1.65,0.84,0.97,0.52,0.68,1.41,1.51,0.66,0.97,1.68,0.85,0.97,0.51,0.68,1.40,1.52,0.70,1.02,1.69,0.80,0.97,0.52,0.70,1.02,1.69,0.80,1.37,1.53,0.74,0.98,0.51,0.69,1.31,1.54,0.75,1.02,1.69,0.80,0.97,0.50,0.70,1.25,1.59,0.79,0.98,1.73,0.71,0.96,0.51,0.70,0.98,1.73,0.71,1.19,1.67,0.84,0.96,0.51,0.70,0.93,1.71,0.68,1.04,1.67,0.73,0.96,0.52,0.71,1.04,1.75,0.80,0.93,1.71,0.68,0.96,0.53,0.71,1.03,1.82,0.86,0.91,1.78,0.75,0.96,0.52,0.70,1.02,1.81,0.77,1.06,1.89,0.74,0.94,0.51,0.68,1.02,1.80,0.64,1.06,1.89,0.74,0.95,0.48,0.68,1.03,1.78,0.54,0.93,1.97,0.78,0.90,0.49,0.64,1.06,1.83,0.64,0.86,2.02,0.82,0.84,0.44,0.50,1.06,1.81,0.58,0.84,2.06,0.81,0.81,0.45,0.51,1.07,1.85,0.63,0.80,2.06,0.83,0.80,0.48,0.53,1.04,1.88,0.66,0.72,2.06,0.84,0.72,0.51,0.44,0.97,1.93,0.62,0.64,2.09,0.86,0.72,0.51,0.44,0.95,2.03,0.72,0.65,2.10,0.75,0.69,0.62,0.48,0.65,2.10,0.75,0.95,2.14,0.82,0.69,0.62,0.48,0.49,2.26,0.87,0.96,2.22,0.88,0.57,2.37,0.89,0.96,2.29,0.93,0.69,0.62,0.48,0.57,2.37,0.89,0.95,2.31,0.93,0.73,0.65,0.53,0.95,2.32,0.92,0.79,0.68,0.58,0.57,2.37,0.89,0.97,2.34,0.92,0.79,0.68,0.58,0.57,2.37,0.89,0.98,2.39,0.94,0.57,2.37,0.89,0.79,0.68,0.58,0.99,2.46,0.98,0.81,0.84,0.64,0.57,2.37,0.89,0.79,2.58,0.83,1.04,2.60,1.03,0.85,1.06,0.69,0.81,2.73,0.93,1.04,2.60,1.03,0.82,1.43,0.79,0.98,2.77,1.03,0.95,1.78,0.87,0.81,2.73,0.93,1.03,2.95,0.99,1.16,2.08,0.95,0.81,2.73,0.93,1.03,2.95,0.99,1.20,2.29,0.86,0.81,2.73,0.93,1.21,2.45,0.73,1.03,2.95,0.99,0.81,2.73,0.93,1.19,3.06,0.97,1.25,2.50,0.74,0.81,2.73,0.93,1.13,3.15,0.99,1.25,2.50,0.74,0.81,2.73,0.93,1.30,3.30,0.83,1.26,2.63,0.73,0.81,2.73,0.93,1.22,3.43,0.95,1.24,2.76,0.71,0.81,2.73,0.93,1.13,3.51,0.96,1.27,2.93,0.69,0.81,2.73,0.93,1.07,3.60,1.01,1.27,2.93,0.69,0.81,2.73,0.93,1.02,3.68,1.09,1.26,3.24,0.88,0.81,2.73,0.93]

tackle_10
[,1.11,3.67,0.83,-1.0,-1.0,-1.0,-1.0,-1.0,-1.0,1.11,3.67,0.83,-1.0,-1.0,-1.0,-1.0,-1.0,-1.0,1.12,6.50,0.64,1.02,3.60,0.88,-1.0,-1.0,-1.0,1.02,3.60,0.88,1.12,6.50,0.64,-1.0,-1.0,-1.0,0.99,3.54,0.91,1.06,6.82,0.77,-1.0,-1.0,-1.0,1.06,6.82,0.77,0.99,3.54,0.91,-1.0,-1.0,-1.0,0.99,3.54,0.91,-1.0,-1.0,-1.0,1.06,6.82,0.77,0.99,7.06,0.89,0.99,3.54,0.91,-1.0,-1.0,-1.0,0.99,7.06,0.89,0.93,3.48,0.91,-1.0,-1.0,-1.0,0.96,7.27,0.99,0.90,3.46,0.97,-1.0,-1.0,-1.0,0.99,7.41,1.00,0.85,3.45,1.03,-1.0,-1.0,-1.0,1.01,7.68,1.04,0.85,3.45,1.03,1.13,6.59,0.91,1.13,6.59,0.91,1.01,7.68,1.04,0.85,3.45,1.03,0.85,3.45,1.03,1.13,6.59,0.91,1.01,7.68,1.04,0.84,3.48,0.98,1.13,6.59,0.91,1.01,7.68,1.04,0.84,3.48,0.98,1.13,6.59,0.91,1.01,7.68,1.04,0.84,3.48,0.98,1.13,6.59,0.91,1.01,7.68,1.04,1.02,6.68,0.96,1.03,7.51,1.00,0.84,3.48,0.98,1.03,7.51,1.00,0.77,3.54,0.91,1.02,6.68,0.96,0.77,3.54,0.91,1.02,6.68,0.96,1.03,7.51,1.00,1.05,7.35,0.94,0.77,3.54,0.91,1.02,6.68,0.96,1.05,7.35,0.94,0.93,6.66,0.88,0.77,3.54,0.91,0.85,6.57,0.91,0.77,3.54,0.91,1.05,7.35,0.94,0.91,3.65,0.75,0.76,6.45,0.94,0.99,7.38,1.02,0.91,3.65,0.75,0.76,6.45,0.94,0.94,7.19,0.94,0.91,7.07,0.79,0.91,3.65,0.75,0.76,6.45,0.94,1.01,3.73,0.67,0.89,6.95,0.80,0.76,6.45,0.94,1.01,3.73,0.67,0.66,6.37,0.81,0.90,7.06,0.91,0.90,7.06,0.91,0.57,6.28,0.77,1.01,3.73,0.67,0.89,7.04,0.89,0.53,6.20,0.80,1.01,3.73,0.67,0.89,7.11,0.98,0.62,6.16,0.84,1.01,3.73,0.67,0.88,6.94,0.95,0.90,3.74,0.74,0.69,6.13,0.89,0.82,6.78,0.85,0.90,3.74,0.74,0.62,6.07,0.88,0.80,6.63,0.83,0.62,6.07,0.88,0.90,3.74,0.74,0.77,6.51,0.78,0.64,6.09,0.86,0.90,3.74,0.74,0.73,6.39,0.69,0.58,6.03,0.77,0.90,3.74,0.74,0.72,6.38,0.85,0.99,3.79,0.65,0.58,6.03,0.77,0.99,3.79,0.65,0.72,6.38,0.85,0.58,6.03,0.77,0.52,5.93,0.82,0.99,3.79,0.65,0.72,6.38,0.85,0.51,5.86,0.84,0.99,3.79,0.65,0.72,6.38,0.85,0.51,5.86,0.84,0.99,3.79,0.65,0.72,6.38,0.85,0.99,3.79,0.65,0.51,5.86,0.84,0.72,6.38,0.85,0.74,5.75,0.87,0.99,3.79,0.65,0.72,6.38,0.85,0.74,5.75,0.87,0.99,3.79,0.65,0.72,6.38,0.85,0.73,5.53,0.79,0.73,6.17,0.85,0.99,3.79,0.65,0.73,5.53,0.79,0.79,5.99,0.72,0.99,3.79,0.65,0.79,5.78,0.76,0.99,3.79,0.65,0.73,5.53,0.79,0.82,5.55,0.85,0.99,3.79,0.65,0.73,5.53,0.79,0.90,3.77,0.66,0.60,5.30,0.90,0.73,5.53,0.79,0.90,3.77,0.66,0.70,5.27,0.85,0.70,5.07,0.97,0.78,3.76,0.59,0.96,5.13,0.68,0.71,4.90,1.07,0.78,3.76,0.59,0.84,4.85,0.80,0.73,4.77,1.14,0.62,4.73,1.10,0.65,4.71,1.05,0.78,3.76,0.59,0.88,3.82,0.80,0.62,4.73,1.10,0.69,4.64,1.04,0.88,3.82,0.80,0.60,4.52,1.14,0.70,4.58,1.03,0.79,4.46,1.10,0.59,4.52,1.09,0.88,3.82,0.80,0.69,4.32,1.03,1.09,4.05,1.06,0.49,4.38,1.08,0.55,4.18,0.97,1.09,4.05,1.06,0.46,4.22,0.99,1.25,4.04,1.17,0.55,4.18,0.97,0.28,4.04,1.07,1.25,4.04,1.17,0.42,3.87,0.82,0.22,3.86,1.10,0.51,3.72,0.85,0.20,3.73,1.13,1.25,4.04,1.17,0.49,3.53,0.73,0.18,3.62,1.13,1.25,4.04,1.17]

tackle_11
[,-1.0,-1.0,-1.0,-1.0,-1.0,-1.0,-1.0,-1.0,-1.0,1.45,4.71,1.20,-1.0,-1.0,-1.0,-1.0,-1.0,-1.0,1.37,4.97,1.19,-1.0,-1.0,-1.0,-1.0,-1.0,-1.0,1.25,5.08,1.14,-1.0,-1.0,-1.0,-1.0,-1.0,-1.0,1.11,5.16,1.09,0.57,2.07,0.72,-1.0,-1.0,-1.0,1.01,5.22,0.99,0.63,2.09,0.72,-1.0,-1.0,-1.0,1.09,5.29,1.01,0.63,2.09,0.72,-1.0,-1.0,-1.0,1.15,5.35,1.02,0.65,2.11,0.73,-1.0,-1.0,-1.0,1.22,5.37,1.08,0.65,2.11,0.73,-1.0,-1.0,-1.0,1.27,5.45,0.93,0.65,2.11,0.73,-1.0,-1.0,-1.0,1.27,5.45,0.93,0.65,2.11,0.73,-1.0,-1.0,-1.0,1.27,5.45,0.93,0.65,2.11,0.73,-1.0,-1.0,-1.0,1.22,5.44,0.91,0.65,2.11,0.73,-1.0,-1.0,-1.0,0.61,1.91,0.93,1.26,5.46,0.92,-1.0,-1.0,-1.0,1.26,5.46,0.98,0.61,1.91,0.93,0.93,0.74,0.53,1.27,5.45,1.03,0.55,1.92,0.74,0.93,0.74,0.53,0.55,1.92,0.74,1.26,5.46,1.03,0.82,0.98,0.57,0.82,0.98,0.57,0.47,1.97,0.65,1.09,5.67,1.29,0.72,1.28,0.62,0.40,2.03,0.56,1.08,5.61,1.21,0.72,1.28,0.62,0.40,2.03,0.56,1.06,5.54,1.19,1.07,5.47,1.13,0.40,2.03,0.56,0.72,1.28,0.62,0.98,5.46,1.08,0.55,1.53,0.70,0.40,2.03,0.56,0.39,2.32,0.68,1.03,5.34,0.99,0.55,1.53,0.70,0.88,5.28,0.98,0.39,2.32,0.68,0.55,1.53,0.70,0.78,5.19,0.84,0.50,2.55,0.83,0.55,1.53,0.70,0.75,5.11,0.78,0.50,2.55,0.83,0.52,1.73,0.78,0.82,5.01,0.87,0.27,2.75,0.92,0.52,1.73,0.78,0.87,5.03,0.90,0.27,2.75,0.92,0.52,1.73,0.78,0.87,5.03,0.90,0.44,1.94,0.84,0.27,2.75,0.92,0.24,3.03,0.93,0.36,2.19,0.90,0.87,5.03,0.90,0.24,3.03,0.93,0.80,5.15,1.13,0.47,2.49,0.87,0.78,5.12,0.97,0.34,2.70,0.74,0.24,3.03,0.93,0.90,5.10,1.15,0.10,2.92,0.88,0.24,3.03,0.93,0.86,4.93,1.09,0.18,3.10,0.86,0.24,3.03,0.93,0.68,4.65,1.07,0.19,3.22,0.86,0.24,3.03,0.93,0.63,4.50,1.06,0.28,3.34,0.79,0.24,3.03,0.93,0.28,3.34,0.79,0.67,4.38,1.15,0.24,3.03,0.93,0.39,3.43,0.80,0.60,4.31,1.19,0.24,3.03,0.93,0.43,3.51,0.87,0.52,4.26,1.22,0.24,3.03,0.93,0.38,3.55,0.91,0.50,4.22,1.23,0.24,3.03,0.93]

tackle_12
[,0.99,1.69,0.88,0.86,2.67,1.04,0.50,6.23,0.89,0.98,1.65,0.89,0.91,2.67,1.07,0.46,6.16,0.92,0.98,1.65,0.89,0.87,2.69,1.08,0.49,6.08,0.93,0.90,2.70,1.09,0.49,6.01,0.78,0.98,1.65,0.89,0.84,2.72,1.09,0.53,5.90,0.82,0.98,1.65,0.89,1.04,1.62,0.90,0.81,2.72,1.08,0.53,5.96,0.99,1.15,1.58,0.70,0.77,2.74,1.08,0.54,5.84,1.03,1.15,1.58,0.70,0.75,2.72,0.82,0.56,5.77,1.00,1.12,1.49,0.74,0.79,2.72,0.87,0.55,5.72,0.95,1.09,1.42,0.77,0.71,2.69,0.82,0.60,5.69,0.89,1.08,1.35,0.79,0.71,2.69,0.82,0.61,5.66,0.87,1.06,1.31,0.79,0.78,2.66,0.88,0.65,5.62,0.91,1.05,1.28,0.81,0.86,2.65,0.93,0.68,5.62,0.88,0.68,5.62,0.88,1.05,1.25,0.81,0.90,2.63,0.96,0.69,5.61,0.80,1.04,1.23,0.82,0.92,2.63,1.01,0.73,5.57,0.78,0.92,2.63,1.01,1.03,1.20,0.79,0.76,5.53,0.75,0.88,2.66,1.04,1.04,1.19,0.79,0.76,5.44,0.78,0.92,2.68,1.05,1.03,1.16,0.76,0.77,5.39,0.79,0.89,2.66,1.02,1.04,1.15,0.77,0.77,5.35,0.85,1.04,1.16,0.78,0.89,2.66,1.02,0.77,5.32,0.85,1.02,1.17,0.80,0.95,2.65,0.98,0.78,5.35,0.80,1.02,1.17,0.80,0.94,2.63,1.00,0.79,5.33,0.83,1.03,1.21,0.83,0.75,2.62,0.76,0.94,5.32,0.92,1.03,1.28,0.84,0.72,2.58,0.84,0.99,5.32,0.90,1.07,1.38,0.76,0.72,2.58,0.84,0.98,5.29,0.89,1.07,1.53,0.79,0.77,2.57,0.89,0.95,5.27,0.87,0.77,2.57,0.89,1.00,1.67,0.81,0.90,2.58,0.92,0.98,1.81,0.79,0.95,5.27,0.87,0.94,1.95,0.85,0.90,2.58,0.92,0.87,5.19,0.89,0.89,2.05,0.83,0.86,5.10,0.87,0.90,2.58,0.92,0.96,2.62,0.83,0.89,2.14,0.81,0.82,4.97,0.94,0.96,2.62,0.83,0.83,2.19,0.81,0.75,4.79,0.98,1.09,2.65,0.79,0.82,2.24,0.82,0.85,4.66,1.01,1.09,2.65,0.79,0.80,2.29,0.87,0.91,4.58,0.92,0.77,2.32,0.83,0.90,4.55,0.78,1.09,2.65,0.79,1.29,2.64,0.87,0.75,2.36,0.83,0.99,4.51,0.73,0.99,4.51,0.73,0.78,2.48,0.92,1.29,2.64,0.87,1.05,4.47,0.76,0.78,2.48,0.92,1.29,2.64,0.87,1.05,4.47,0.76,0.78,2.48,0.92,1.29,2.64,0.87,0.84,2.55,0.91,1.07,4.41,0.86,1.29,2.64,0.87,0.90,2.64,0.96,1.11,4.36,0.93,1.29,2.64,0.87,0.97,2.69,0.96,1.19,4.37,0.78,1.29,2.64,0.87,1.00,2.73,0.96,0.95,4.26,0.92,1.29,2.64,0.87,1.03,2.75,0.93,1.02,4.25,0.98,1.29,2.64,0.87,1.04,2.76,0.92,1.05,4.19,1.03,1.29,2.64,0.87,1.04,2.76,0.92,0.98,4.05,1.03,1.29,2.64,0.87,1.01,2.75,0.93,0.98,4.05,1.03,1.29,2.64,0.87,0.99,2.75,0.91,0.97,3.89,1.03,1.29,2.64,0.87,0.97,2.79,0.91,0.99,3.73,1.07,1.29,2.64,0.87,0.86,2.81,0.98,0.99,3.73,1.07,1.29,2.64,0.87,0.86,2.81,0.98,1.29,2.64,0.87,0.99,3.73,1.07,0.86,2.81,0.98,1.29,2.64,0.87,0.99,3.73,1.07]

tackle_13
[,0.88,2.16,0.91,0.85,5.95,1.18,-1.0,-1.0,-1.0,0.87,2.17,0.92,0.70,6.10,1.11,-1.0,-1.0,-1.0,0.87,2.16,0.90,0.70,6.10,1.11,-1.0,-1.0,-1.0,1.13,1.68,0.76,0.86,2.15,0.89,0.51,6.19,0.96,1.09,1.51,0.76,0.87,2.16,0.91,0.51,6.19,0.96,1.06,1.40,0.76,0.88,2.16,0.94,0.61,6.25,0.83,1.06,1.40,0.76,0.87,2.16,0.93,0.54,6.30,0.81,0.97,1.33,0.71,0.87,2.16,0.92,0.41,6.33,0.73,0.96,1.29,0.73,0.86,2.17,0.91,0.27,6.39,0.83,0.96,1.25,0.76,0.86,2.17,0.91,0.33,6.32,0.75,0.86,2.18,0.93,0.44,6.29,0.75,0.96,1.25,0.76,0.86,2.18,0.93,0.44,6.29,0.75,0.96,1.12,0.64,0.86,2.17,0.91,0.95,1.11,0.67,0.44,6.29,0.75,0.85,2.17,0.90,0.33,6.13,0.85,0.95,1.11,0.67,0.87,2.17,0.93,0.22,5.97,0.93,0.95,1.11,0.67,0.87,2.17,0.93,0.18,5.86,0.99,0.95,1.11,0.67,0.87,2.18,0.95,0.25,5.78,1.03,0.95,1.11,0.67,0.94,1.20,0.73,0.86,2.18,0.97,0.20,5.71,1.06,0.94,1.20,0.73,0.86,2.18,0.98,0.26,5.68,1.08,0.93,1.29,0.74,0.86,2.18,0.97,0.26,5.68,1.08,0.87,2.17,0.94,0.93,1.29,0.74,0.26,5.68,1.08,0.88,2.20,0.95,0.90,1.46,0.81,0.26,5.68,1.08,0.87,2.27,0.98,0.48,5.62,1.09,0.88,1.58,0.86,0.84,2.35,0.97,0.48,5.62,1.09,0.86,1.65,0.82,0.84,2.35,0.97,0.49,5.53,1.11,0.86,1.73,0.84,0.82,2.45,1.00,0.50,5.42,1.14,0.86,1.73,0.84,0.82,2.49,0.99,0.62,5.31,1.16,0.86,1.73,0.84,0.81,2.53,1.01,0.50,5.18,1.16,0.86,1.73,0.84,0.85,1.82,0.90,0.67,2.58,0.93,0.51,5.02,1.02,0.79,1.90,0.92,0.67,2.58,0.93,0.54,4.92,0.79,0.79,2.01,0.95,0.42,4.86,0.88,0.67,2.58,0.93,0.74,2.15,1.00,0.37,4.85,1.02,0.67,2.58,0.93,0.74,2.15,1.00,0.62,4.85,0.82,0.67,2.58,0.93,0.72,2.33,1.02,0.67,2.73,0.97,0.89,4.76,0.94,0.71,2.49,1.07,0.62,2.86,0.99,1.10,4.67,1.05,0.71,2.49,1.07,0.56,2.98,0.95,1.08,4.70,1.05,0.71,2.58,1.03,0.56,2.98,0.95,1.08,4.70,1.05,0.71,2.58,1.03,1.11,4.65,1.14,0.56,2.98,0.95,0.68,2.67,1.02,0.45,3.04,1.03,0.99,4.62,1.14,0.66,2.62,1.05,0.25,3.09,1.15,0.92,4.56,1.17,0.66,2.62,1.05,0.34,3.14,1.16,0.95,4.46,1.22,0.60,2.74,1.05,0.37,3.20,1.15,1.11,4.31,1.26,0.54,2.87,1.09,0.42,3.24,1.11,1.11,4.31,1.26,0.55,3.02,1.10,0.41,3.27,1.15,1.16,4.19,1.29,0.55,3.02,1.10,0.45,3.26,0.95,0.72,4.06,1.11,0.46,3.20,1.07,0.46,3.29,1.03,0.51,3.99,1.06,0.42,3.38,1.12,0.15,3.32,1.04,0.51,3.99,1.06,0.28,3.61,0.97,0.15,3.32,1.04,0.50,4.01,1.01,0.19,3.80,0.92,0.63,3.42,0.96,0.47,4.07,1.00]

tackle_14
[,0.23,1.58,0.68,0.77,2.10,0.51,-1.0,-1.0,-1.0,0.37,1.29,0.67,0.79,2.11,0.54,-1.0,-1.0,-1.0,0.52,1.04,0.65,0.80,2.11,0.55,-1.0,-1.0,-1.0,0.64,0.84,0.64,0.80,2.11,0.55,-1.0,-1.0,-1.0,0.74,0.69,0.65,0.82,2.11,0.61,-1.0,-1.0,-1.0,0.82,2.11,0.61,0.74,0.69,0.65,-1.0,-1.0,-1.0,0.82,2.12,0.64,0.81,0.58,0.64,-1.0,-1.0,-1.0,0.82,2.12,0.64,0.86,0.51,0.66,-1.0,-1.0,-1.0,0.83,2.18,0.74,0.93,0.50,0.68,-1.0,-1.0,-1.0,0.82,2.17,0.62,0.93,1.24,0.80,1.00,0.46,0.67,0.82,2.17,0.62,0.93,1.24,0.80,1.07,0.51,0.68,0.83,2.15,0.62,1.18,0.46,0.68,0.93,1.24,0.80,0.84,2.14,0.60,0.93,1.35,0.80,1.27,0.46,0.68,0.85,2.20,0.73,0.92,1.43,0.83,1.34,0.46,0.68,0.87,2.18,0.68,0.94,1.49,0.83,1.39,0.39,0.64,0.86,2.16,0.62,0.97,1.52,0.82,1.39,0.39,0.64,0.83,2.15,0.60,0.97,1.52,0.82,1.42,0.33,0.53,0.83,2.15,0.60,1.42,0.33,0.53,0.97,1.52,0.82,0.87,2.14,0.65,1.00,1.52,0.76,1.44,0.34,0.49,0.85,2.13,0.62,1.00,1.52,0.76,1.48,0.40,0.51,1.08,2.19,0.70,0.97,1.58,0.78,1.50,0.44,0.56,1.01,2.17,0.67,1.02,1.66,0.82,1.53,0.45,0.59,0.96,2.17,0.63,1.02,1.75,0.86,1.53,0.45,0.59,0.94,2.16,0.61,1.03,1.86,0.91,1.53,0.49,0.64,0.84,2.24,0.69,1.07,1.98,0.95,1.53,0.52,0.65,1.53,0.52,0.65,0.85,2.26,0.68,1.07,2.08,0.97,1.54,0.64,0.68,0.86,2.33,0.75,1.08,2.16,0.94,1.54,0.81,0.73,0.77,2.42,0.62,1.05,2.23,0.94,1.54,0.81,0.73,0.83,2.51,0.71,1.05,2.28,0.96,0.83,2.58,0.79,1.01,2.32,1.00,1.54,0.81,0.73,0.83,2.58,0.79,1.00,2.35,1.01,1.54,0.81,0.73,0.79,2.66,0.78,0.93,2.39,0.96,1.54,0.81,0.73,0.79,2.72,0.74,0.93,2.39,0.96,1.54,0.81,0.73,0.79,2.72,0.74,0.97,2.53,1.01,1.53,1.06,0.75,0.87,2.80,0.72,0.97,2.53,1.01,1.53,1.26,0.79,0.87,2.80,0.72,1.51,1.45,0.69,0.97,2.53,1.01,0.85,3.03,0.66,0.99,2.68,1.02,1.51,1.45,0.69,0.85,3.03,0.66,1.11,2.82,1.00,1.56,1.89,0.82,1.07,2.90,0.92,1.56,1.89,0.82,0.85,3.03,0.66,1.18,3.02,0.91,1.50,2.26,0.77,0.85,3.03,0.66,0.93,3.18,0.81,1.10,3.12,0.95,1.50,2.26,0.77,0.92,3.32,0.88,1.10,3.12,0.95,1.45,2.55,0.60,0.91,3.43,0.91,1.39,2.78,0.65,1.10,3.12,0.95,0.82,3.49,0.88,1.36,2.97,0.71,1.10,3.12,0.95,0.94,3.56,1.00,1.05,3.20,1.03,1.36,2.97,0.71,0.91,3.64,0.97,1.05,3.20,1.03,1.36,2.97,0.71,0.84,3.67,1.01,1.33,3.14,0.72,1.05,3.20,1.03,0.84,3.67,1.01,0.98,3.21,1.05,1.27,3.34,0.70,0.98,3.21,1.05,1.24,3.58,0.72,0.84,3.67,1.01,0.69,3.70,1.08,1.18,3.77,0.78,0.98,3.21,1.05,0.69,3.70,1.08,1.18,3.77,0.78,0.98,3.21,1.05,0.97,3.84,1.02,1.10,3.88,0.70,0.98,3.21,1.05,0.92,3.88,0.86,1.04,3.97,0.73,0.98,3.21,1.05,1.07,3.91,1.04,1.05,4.02,0.89,0.98,3.21,1.05,1.00,3.94,0.97,1.06,3.30,1.06,0.87,4.11,0.97,1.32,4.06,0.91,1.14,3.35,1.07,0.82,4.08,1.07,1.11,4.03,0.79,1.16,3.39,1.05,0.86,4.18,1.10,0.83,4.01,0.89,1.32,3.46,1.03,0.87,4.26,1.10,0.80,4.13,0.81,1.32,3.47,1.02,0.94,4.36,1.00]

tackle_15
[,-1.0,-1.0,-1.0,-1.0,-1.0,-1.0,-1.0,-1.0,-1.0,1.16,2.97,0.90,-1.0,-1.0,-1.0,-1.0,-1.0,-1.0,1.18,2.97,0.95,0.25,6.19,1.48,-1.0,-1.0,-1.0,1.18,2.98,0.96,0.25,6.19,1.52,-1.0,-1.0,-1.0,1.29,3.02,0.91,0.25,6.19,1.52,-1.0,-1.0,-1.0,1.25,3.01,0.93,0.25,6.19,1.52,-1.0,-1.0,-1.0,1.21,3.00,0.92,0.24,6.21,1.56,-1.0,-1.0,-1.0,1.20,3.00,0.94,0.24,6.21,1.56,-1.0,-1.0,-1.0,1.19,2.99,0.92,0.24,6.21,1.56,-1.0,-1.0,-1.0,1.19,2.98,0.91,0.24,6.21,1.56,-1.0,-1.0,-1.0,1.18,2.98,0.92,0.23,6.23,1.60,-1.0,-1.0,-1.0,1.17,2.98,0.91,0.23,6.23,1.60,0.30,6.52,0.90,1.17,2.97,0.92,0.30,6.38,0.91,0.23,6.23,1.60,1.18,2.98,0.94,0.26,6.23,1.62,0.28,6.26,0.93,1.16,2.97,0.93,0.26,6.23,1.62,0.30,6.17,0.94,1.15,2.97,0.93,0.28,6.09,0.91,0.26,6.23,1.62,1.15,2.96,0.85,0.31,6.02,0.96,0.26,6.23,1.62,1.15,2.96,0.87,0.27,5.97,0.96,0.26,6.23,1.62,1.14,2.97,0.89,0.32,5.92,0.97,0.26,6.23,1.62,1.29,3.01,0.84,0.36,5.97,0.96,0.26,6.23,1.62,1.27,3.00,0.86,0.37,6.14,1.49,0.40,6.00,0.95,0.40,6.00,0.95,1.23,2.98,0.87,0.37,6.14,1.49,1.20,2.97,0.85,0.45,5.91,1.41,0.40,6.00,0.95,1.18,2.98,0.86,0.58,5.74,1.24,0.40,6.00,0.95,1.17,2.97,0.85,0.69,5.59,1.19,0.40,6.00,0.95,1.15,2.97,0.87,0.71,5.43,1.22,0.40,6.00,0.95,1.16,2.97,0.88,0.71,5.43,1.22,0.40,6.00,0.95,1.15,2.97,0.90,0.73,5.26,1.16,0.40,6.00,0.95,1.15,2.98,0.92,0.73,5.26,1.16,0.40,6.00,0.95,1.13,2.98,0.92,0.49,5.86,0.87,0.73,5.26,1.16,1.12,2.98,0.93,0.51,5.17,1.19,0.51,5.67,0.88,1.12,2.98,0.94,0.40,5.01,1.18,0.49,5.43,0.97,1.14,2.99,0.94,0.40,5.01,1.18,0.49,5.43,0.97,1.15,2.98,0.92,0.49,4.92,1.08,0.70,5.20,0.85,1.13,2.97,0.90,0.64,4.79,1.14,0.71,5.03,0.85,1.14,2.98,0.92,0.64,4.79,1.14,0.61,4.95,0.86,1.16,3.00,0.95,0.79,4.62,1.16,0.69,4.85,0.88,1.15,3.03,1.01,0.79,4.62,1.16,0.78,4.80,0.81,1.11,3.07,1.06,0.84,4.75,0.85,0.79,4.62,1.16,1.09,3.13,1.06,0.90,4.42,1.18,0.91,4.70,0.90,1.08,3.17,1.03,0.94,4.24,1.21,0.83,4.64,0.95]

tackle_16
[,0.90,7.11,1.04,0.58,2.43,0.99,-1.0,-1.0,-1.0,0.91,7.06,1.00,0.57,2.50,1.02,-1.0,-1.0,-1.0,0.91,7.04,0.97,0.56,2.59,1.05,-1.0,-1.0,-1.0,0.92,7.01,0.94,0.56,2.59,1.05,-1.0,-1.0,-1.0,0.92,7.01,0.94,-1.0,-1.0,-1.0,0.56,2.59,1.05,0.55,2.66,1.07,0.92,7.01,0.94,-1.0,-1.0,-1.0,0.92,7.00,0.93,0.55,2.66,1.07,-1.0,-1.0,-1.0,0.93,6.99,0.92,0.54,2.72,1.06,-1.0,-1.0,-1.0,0.92,6.98,0.91,0.54,2.72,1.06,-1.0,-1.0,-1.0,0.92,6.98,0.91,-1.0,-1.0,-1.0,0.54,2.72,1.06,0.92,6.98,0.91,-1.0,-1.0,-1.0,0.54,2.72,1.06,0.92,6.97,0.91,0.40,2.75,1.00,-1.0,-1.0,-1.0,0.92,6.97,0.91,0.31,2.78,0.96,-1.0,-1.0,-1.0,0.31,2.78,0.96,0.92,6.97,0.91,-1.0,-1.0,-1.0,0.92,6.97,0.93,0.23,2.80,0.92,-1.0,-1.0,-1.0,0.92,6.97,0.93,0.17,2.82,0.89,-1.0,-1.0,-1.0,0.90,7.18,1.11,0.14,2.83,0.87,-1.0,-1.0,-1.0,0.90,7.18,1.11,0.14,2.83,0.87,-1.0,-1.0,-1.0,0.92,7.13,1.05,-1.0,-1.0,-1.0,0.14,2.83,0.87,0.09,2.82,0.80,0.92,7.09,1.01,-1.0,-1.0,-1.0,0.09,2.82,0.80,0.98,7.02,1.01,-1.0,-1.0,-1.0,0.06,2.82,0.75,0.90,6.96,0.94,-1.0,-1.0,-1.0,0.06,2.82,0.75,0.87,6.88,0.90,-1.0,-1.0,-1.0,0.03,2.81,0.70,0.83,6.64,0.93,-1.0,-1.0,-1.0,-0.02,2.82,0.70,0.95,6.05,0.99,0.69,6.45,0.93,0.16,2.83,0.80,0.90,5.97,0.91,0.66,6.38,1.04,0.16,2.83,0.80,0.90,5.97,0.91,0.60,6.37,1.13,0.25,2.82,0.77,0.58,6.37,1.18,0.90,5.97,0.91,0.38,2.85,0.83,0.79,5.88,0.90,0.68,6.36,1.13,0.24,2.90,0.76,0.79,5.70,0.98,0.65,6.28,1.03,0.22,2.90,0.83,0.85,5.56,1.05,0.75,6.21,0.88,0.13,3.00,0.92,0.85,5.56,1.05,0.75,6.21,0.88,0.26,3.05,0.93,1.04,5.35,1.08,0.92,6.35,1.23,0.35,3.10,0.98,0.98,5.23,1.08,0.97,6.19,1.33,0.37,3.12,0.96,0.86,5.14,1.13,0.79,6.27,1.56,0.40,3.15,0.99,0.66,5.05,1.15,0.79,23919629218.83,1.56,0.42,3.19,1.05,0.65,5.15,1.37,0.72,5.98,1.35,0.54,5.03,1.31,0.66,5.84,1.24,0.42,3.19,1.05,0.51,5.15,1.46,0.62,5.67,1.15,0.44,3.23,1.07,0.49,5.05,1.41,0.67,5.54,1.04,0.44,3.26,1.10,0.48,4.97,1.34,0.76,5.44,1.06,0.43,3.31,1.10,0.47,4.92,1.24,0.83,5.21,1.15,0.42,3.41,1.09,0.58,5.00,1.33,0.81,5.14,1.10,0.08,3.51,1.08,0.57,4.96,1.25,0.91,5.06,1.15,0.14,3.66,1.09,0.57,4.96,1.25,0.91,5.06,1.15,0.25,3.82,0.98,0.60,5.09,1.28,0.29,3.94,0.97,0.91,5.06,1.15,0.64,5.11,1.23,0.94,5.54,1.49,0.28,4.05,0.92,0.65,5.15,1.16,0.94,5.54,1.49,0.32,4.14,0.99,0.70,5.20,1.06,1.01,5.75,1.49,0.43,4.33,1.11,0.70,5.20,1.06,1.01,5.75,1.49,0.43,4.33,1.11,0.77,5.27,0.97,1.01,5.75,1.49,0.43,4.33,1.11,0.77,5.27,0.97,0.11,4.45,1.03,1.01,5.75,1.49,0.11,4.45,1.03,0.80,5.35,1.00,1.01,5.75,1.49,0.27,4.46,1.11,0.93,5.42,1.07,1.01,5.75,1.49,0.42,4.53,1.15,0.81,5.40,1.10,1.03,5.83,1.42,0.55,4.63,1.08,0.68,5.56,1.31,1.03,5.83,1.42,0.55,4.76,1.11,0.68,5.56,1.31,1.02,5.76,1.32,0.43,4.86,1.07,0.69,5.64,1.39,1.02,5.76,1.32,0.56,4.99,1.08,0.64,5.72,1.47,1.02,5.76,1.32,0.51,5.03,1.09,0.64,5.72,1.47,1.02,5.76,1.32,0.51,5.03,1.09,0.59,5.70,1.41,1.02,5.76,1.32]

tackle_17
[,0.61,2.93,0.90,-1.0,-1.0,-1.0,-1.0,-1.0,-1.0,0.08,6.39,0.68,0.74,2.83,0.95,-1.0,-1.0,-1.0,0.22,6.62,0.78,0.83,2.72,0.89,-1.0,-1.0,-1.0,0.34,6.61,0.82,0.83,2.72,0.89,-1.0,-1.0,-1.0,0.44,6.74,0.83,0.88,2.64,0.89,-1.0,-1.0,-1.0,0.51,6.78,0.77,0.93,2.59,0.92,-1.0,-1.0,-1.0,0.58,6.76,0.74,0.96,2.54,0.91,-1.0,-1.0,-1.0,0.60,6.84,0.78,0.96,2.54,0.91,-1.0,-1.0,-1.0,0.60,6.75,1.47,0.99,2.50,0.87,0.60,6.84,0.78,1.03,2.48,0.83,0.60,6.75,1.47,0.60,6.84,0.78,1.06,2.47,0.84,0.60,6.75,1.47,0.60,6.84,0.78,1.09,2.47,0.84,0.60,6.75,1.47,0.60,6.84,0.78,1.08,2.46,0.89,0.60,6.75,1.47,0.60,6.84,0.78,1.08,2.46,0.89,0.60,6.75,1.47,0.60,6.84,0.78,1.07,2.37,0.74,0.60,6.75,1.47,0.60,6.84,0.78,1.08,2.26,0.77,0.60,6.75,1.47,0.60,6.84,0.78,1.45,2.29,0.80,0.60,6.75,1.47,0.60,6.84,0.78,0.62,6.79,1.51,1.36,2.19,0.81,0.60,6.84,0.78,0.62,6.79,1.51,1.36,2.19,0.81,0.64,6.74,0.70,0.61,6.58,0.77,1.36,2.19,0.81,0.62,6.79,1.51,1.30,2.13,0.79,0.61,6.67,1.42,0.50,6.41,0.80,1.30,2.13,0.79,0.62,6.45,1.34,0.50,6.40,0.91,0.61,6.24,1.22,0.51,6.41,0.99,1.30,2.13,0.79,0.62,6.01,1.22,0.57,6.29,0.97,1.30,2.13,0.79,0.65,5.84,1.18,0.56,6.18,1.00,1.30,2.13,0.79,0.56,6.18,1.00,1.24,2.17,0.83,0.76,5.66,1.19,0.57,6.12,0.99,0.76,5.66,1.19,1.19,2.20,0.87,0.60,6.19,1.04,1.16,2.23,0.91,0.76,5.66,1.19,0.62,6.11,0.94,0.86,5.50,1.22,1.13,2.27,0.93,0.57,5.97,0.90,0.89,5.45,1.11,1.10,2.31,0.93,0.62,5.86,0.90,0.86,5.38,1.08,1.10,2.31,0.93,0.68,5.73,0.89,0.75,5.30,1.13,1.10,2.31,0.93,0.68,5.73,0.89,0.76,5.26,1.16,1.05,2.54,0.95,0.76,5.26,1.16,1.03,2.80,1.05,0.68,5.73,0.89,0.85,5.12,1.19,0.96,2.93,0.91,0.67,5.61,0.75,0.87,5.06,1.08,0.96,2.93,0.91,0.70,5.50,0.74,0.87,5.06,1.08,0.93,3.10,1.02,0.70,5.50,0.74,0.81,4.95,1.14,1.05,3.24,0.92,0.70,5.50,0.74,0.81,4.89,1.09,1.05,3.24,0.92,0.78,5.41,0.79,0.81,4.89,1.09,0.78,5.41,0.79,1.05,3.24,0.92,1.16,4.94,1.10,1.12,3.44,0.81,0.82,5.23,0.93,1.13,4.84,1.16,1.02,3.57,0.91,0.79,5.14,0.83,1.06,4.72,1.22,0.96,3.66,1.02,0.83,5.06,0.80,0.83,5.06,0.80,0.88,4.59,1.18,0.96,3.66,1.02,0.78,4.96,0.71,0.88,4.59,1.18,0.96,3.66,1.02,0.71,4.86,0.68,0.96,3.66,1.02,0.88,4.59,1.18,0.68,4.86,0.82,0.96,3.66,1.02,0.88,4.59,1.18,0.66,4.80,0.75,0.96,3.66,1.02,0.88,4.59,1.18,0.65,4.76,0.64,0.96,3.66,1.02,0.88,4.59,1.18,0.64,4.74,0.59,0.96,3.66,1.02,0.88,4.59,1.18,0.62,4.70,0.56,1.12,3.73,1.12,0.88,4.59,1.18,0.60,4.64,0.69,1.05,3.88,1.21,0.88,4.59,1.18,0.57,4.62,0.70,1.05,3.88,1.21,0.88,4.59,1.18,0.53,4.58,0.79,1.05,3.88,1.21,0.88,4.59,1.18,0.46,4.50,0.84,1.05,3.88,1.21,0.88,4.59,1.18,0.38,4.37,0.89,1.05,3.88,1.21,0.88,4.59,1.18,0.33,4.22,0.75,1.05,3.88,1.21,0.88,4.59,1.18,0.26,4.04,0.80,1.05,3.88,1.21,0.88,4.59,1.18]

tackle_18
[,0.88,2.26,0.66,0.27,5.53,0.87,-1.0,-1.0,-1.0,0.87,2.25,0.68,0.26,5.52,0.83,-1.0,-1.0,-1.0,0.85,2.24,0.63,0.27,5.59,0.87,-1.0,-1.0,-1.0,0.84,2.22,0.62,0.25,5.62,0.83,-1.0,-1.0,-1.0,0.84,2.22,0.62,0.25,5.62,0.83,-1.0,-1.0,-1.0,0.80,2.23,0.63,-1.0,-1.0,-1.0,0.25,5.62,0.83,0.79,2.23,0.66,0.18,5.57,0.90,-1.0,-1.0,-1.0,0.79,2.23,0.66,0.37,5.53,1.12,-1.0,-1.0,-1.0,0.79,2.26,0.76,0.37,5.53,1.12,1.01,5.99,1.64,0.79,2.25,0.78,0.26,5.49,1.13,1.01,5.99,1.64,0.81,2.27,0.85,0.39,5.55,0.91,1.01,5.99,1.64,0.83,2.28,0.89,0.49,5.59,0.77,0.98,6.04,1.59,0.83,2.27,0.89,0.49,5.59,0.77,0.98,6.04,1.59,0.83,2.26,0.88,0.36,5.55,0.86,0.89,5.95,1.37,0.80,2.27,0.88,0.34,5.54,0.90,0.64,5.82,1.32,0.80,2.27,0.88,0.34,5.54,0.93,0.64,5.81,1.07,0.36,5.54,0.96,0.72,5.90,0.94,0.80,2.27,0.88,0.43,5.53,1.01,0.76,6.01,0.89,0.80,2.27,0.88,0.80,2.29,0.91,0.43,5.53,1.01,0.78,6.10,0.89,0.80,2.29,0.91,0.80,6.16,0.85,0.43,5.53,1.01,0.79,2.31,0.95,0.81,6.21,0.84,0.43,5.53,1.01,0.77,2.32,0.99,0.82,6.51,1.13,0.43,5.53,1.01,0.77,2.32,0.99,0.38,5.78,1.25,0.83,6.74,1.34,0.75,2.34,1.01,0.38,5.78,1.25,0.83,6.65,1.22,0.74,2.36,0.98,0.35,5.70,1.20,0.83,6.65,1.22,0.74,2.36,0.98,0.32,5.65,1.17,0.86,6.52,1.06,0.35,5.63,1.10,0.79,6.39,0.97,0.74,2.36,0.98,0.76,2.45,1.00,0.34,5.62,1.03,0.71,6.30,0.90,0.79,2.61,0.94,0.34,5.62,1.03,0.71,6.30,0.90,0.79,2.61,0.94,0.31,5.64,0.84,0.67,6.10,0.88,0.81,2.65,0.99,0.35,5.67,1.00,0.74,5.96,0.97,0.81,2.71,0.93,0.35,5.67,1.00,0.87,5.72,1.06,0.81,2.82,0.95,0.47,5.50,1.05,0.92,5.56,1.10,0.81,2.82,0.95,0.47,5.50,1.05,0.82,5.42,1.05,0.91,5.31,1.08,0.47,5.50,1.05,0.81,2.82,0.95,0.79,2.92,1.01,0.91,5.31,1.08,0.59,5.35,1.06,0.80,3.01,1.02,0.57,5.16,1.13,0.91,5.31,1.08,0.78,3.11,1.05,0.91,5.26,0.99,0.57,5.16,1.13,0.76,3.22,1.06,0.80,5.05,0.82,0.61,4.92,1.15,0.76,3.32,1.02,0.61,4.92,1.15,0.82,4.90,0.97,0.74,3.39,1.01,0.21,4.73,1.18,0.86,4.80,1.05,0.74,3.44,0.98,0.33,4.62,1.23,0.86,4.80,1.05,0.72,3.48,0.94,0.36,4.55,1.21,0.86,4.80,1.05,0.71,3.50,0.89,0.37,4.51,1.23,0.88,5.20,1.46,0.71,3.55,0.98,0.37,4.51,1.23,0.95,5.10,1.31,0.68,3.58,1.01,0.95,5.10,1.31,0.37,4.51,1.23,0.66,3.59,0.97,1.00,4.94,1.29,0.37,4.51,1.23,0.66,3.61,1.00,0.36,4.33,1.17,0.88,4.88,1.25,0.69,3.63,1.07,0.36,4.33,1.17,1.00,4.81,1.24,0.72,3.66,1.15,0.33,4.17,1.17,1.05,4.78,1.14,0.69,3.66,1.10,0.48,4.05,1.18,1.02,4.68,1.11]

tackle_19
[,0.67,5.45,1.53,1.25,1.50,0.78,-1.0,-1.0,-1.0,1.31,1.49,0.76,-1.0,-1.0,-1.0,0.67,5.45,1.53,1.35,1.50,0.79,-1.0,-1.0,-1.0,0.67,5.45,1.53,1.37,1.51,0.82,-1.0,-1.0,-1.0,0.67,5.45,1.53,1.37,1.51,0.82,-1.0,-1.0,-1.0,0.67,5.45,1.53,1.37,1.51,0.82,-1.0,-1.0,-1.0,0.67,5.45,1.53,1.38,1.52,0.85,-1.0,-1.0,-1.0,0.67,5.45,1.53,1.40,1.51,0.85,-1.0,-1.0,-1.0,0.67,5.45,1.53,1.40,1.51,0.85,-1.0,-1.0,-1.0,0.67,5.45,1.53,1.42,1.55,0.87,-1.0,-1.0,-1.0,0.67,5.45,1.53,0.68,5.12,1.01,1.41,1.62,0.89,0.67,5.45,1.53,0.68,5.12,1.01,1.33,1.74,0.89,0.60,5.58,1.74,1.27,1.90,0.95,0.51,5.46,1.54,0.68,5.12,1.01,0.50,5.35,1.36,1.27,1.90,0.95,0.68,5.12,1.01,0.47,5.27,1.24,1.27,1.90,0.95,0.68,5.12,1.01,0.40,5.23,1.17,1.27,1.90,0.95,0.68,5.12,1.01,0.32,5.22,1.15,1.27,1.90,0.95,0.68,5.12,1.01,0.23,5.20,1.02,1.27,1.90,0.95,0.68,5.12,1.01,0.27,5.21,0.98,1.27,1.90,0.95,0.68,5.12,1.01,0.63,5.31,0.98,1.27,1.90,0.95,0.68,5.12,1.01,0.64,5.37,1.08,1.27,1.90,0.95,0.68,5.12,1.01,0.69,5.36,0.89,1.27,1.90,0.95,0.68,5.12,1.01,0.69,5.36,0.89,1.27,1.90,0.95,0.68,5.12,1.01,0.70,5.38,0.77,1.27,1.90,0.95,0.68,5.12,1.01,0.70,5.38,0.77,1.27,1.90,0.95,0.68,5.12,1.01,0.73,5.45,0.90,1.27,1.90,0.95,0.68,5.12,1.01,0.73,5.45,0.90,1.27,1.90,0.95,0.68,5.12,1.01,0.78,5.48,0.95,0.72,5.33,1.15,1.27,1.90,0.95,0.72,5.33,1.15,0.78,5.48,0.95,1.27,1.90,0.95,0.81,5.27,1.19,0.77,5.60,0.96,1.27,1.90,0.95,0.87,5.42,1.06,0.72,5.65,0.75,1.27,1.90,0.95,0.57,5.49,0.97,0.66,5.68,0.68,1.27,1.90,0.95,0.52,5.60,0.92,0.69,5.78,0.66,1.27,1.90,0.95,0.52,5.60,0.92,0.74,5.87,0.68,1.27,1.90,0.95,0.74,5.87,0.68,0.53,5.71,0.94,1.27,1.90,0.95,0.85,5.97,0.75,0.53,5.71,0.94,1.27,1.90,0.95,0.86,6.12,0.86,1.27,1.90,0.95,0.53,5.71,0.94,0.62,6.23,0.88,1.27,1.90,0.95,0.53,5.71,0.94,0.34,6.24,0.90,0.52,5.93,0.94,1.27,1.90,0.95,0.27,6.33,0.93,0.52,5.93,0.94,1.27,1.90,0.95,0.22,6.33,0.87,1.27,1.90,0.95,0.52,5.93,0.94,0.34,6.59,1.03,0.53,6.11,1.03,1.27,1.90,0.95,0.45,6.59,0.97,0.51,6.23,1.09,1.27,1.90,0.95,0.34,6.67,0.88,0.51,6.23,1.09,1.27,1.90,0.95,0.40,6.76,0.74,1.27,1.90,0.95,0.51,6.23,1.09,0.48,6.18,1.05,0.40,6.76,0.74,1.27,1.90,0.95,0.50,6.10,0.96,1.27,1.90,0.95,0.40,6.76,0.74,1.27,1.90,0.95,0.50,6.10,0.96,0.40,6.76,0.74,1.27,1.90,0.95,0.50,6.10,0.96,0.40,6.76,0.74,1.27,1.90,0.95,0.50,6.10,0.96,0.40,6.76,0.74,0.00,0.00,0.00,0.50,6.10,0.96,0.40,6.76,0.74]

